could not open file

Cats-vs-Dogs Feather Demo
Waiting...

*** CNN Inference Test ***
Init Camera.
Configuring camera
********** Press PB1(SW1) to capture an image **********
3a	 , 58
68	 , 104
3a	 , 58
0	 , 0
86	 , 134
3a	 , 58
68	 , 104
0	 , 0
39	 , 57
87	 , 135
3a	 , 58
0	 , 0
68	 , 104
3b	 , 59
88	 , 136
0	 , 0
3c	 , 60
67	 , 103
3c	 , 60
0	 , 0
87	 , 135
3d	 , 61
67	 , 103
0	 , 0
3d	 , 61
86	 , 134
3d	 , 61
0	 , 0
3f	 , 63
86	 , 134
40	 , 64
0	 , 0
65	 , 101
40	 , 64
86	 , 134
0	 , 0
41	 , 65
65	 , 101
41	 , 65
0	 , 0
86	 , 134
40	 , 64
65	 , 101
0	 , 0
41	 , 65
86	 , 134
3a	 , 58
0	 , 0
69	 , 105
3a	 , 58
86	 , 134
0	 , 0
3a	 , 58
69	 , 105
3a	 , 58
0	 , 0
3d	 , 61
64	 , 100
3d	 , 61
0	 , 0
87	 , 135
3e	 , 62
63	 , 99
0	 , 0
3f	 , 63
87	 , 135
3f	 , 63
0	 , 0
63	 , 99
40	 , 64
85	 , 133
0	 , 0
3f	 , 63
65	 , 101
40	 , 64
0	 , 0
85	 , 133
41	 , 65
65	 , 101
0	 , 0
40	 , 64
86	 , 134
41	 , 65
0	 , 0
3c	 , 60
85	 , 133
3d	 , 61
0	 , 0
66	 , 102
3d	 , 61
84	 , 132
0	 , 0
3d	 , 61
67	 , 103
3d	 , 61
0	 , 0
84	 , 132
3d	 , 61
66	 , 102
0	 , 0
3d	 , 61
85	 , 133
3d	 , 61
0	 , 0
64	 , 100
3e	 , 62
86	 , 134
0	 , 0
3e	 , 62
64	 , 100
3f	 , 63
0	 , 0
3a	 , 58
67	 , 103
3a	 , 58
0	 , 0
84	 , 132
3a	 , 58
67	 , 103
0	 , 0
3a	 , 58
84	 , 132
3b	 , 59
0	 , 0
66	 , 102
3d	 , 61
85	 , 133
0	 , 0
3c	 , 60
65	 , 101
3c	 , 60
0	 , 0
86	 , 134
3d	 , 61
66	 , 102
0	 , 0
3c	 , 60
84	 , 132
3d	 , 61
0	 , 0
41	 , 65
85	 , 133
42	 , 66
0	 , 0
64	 , 100
42	 , 66
85	 , 133
0	 , 0
42	 , 66
65	 , 101
42	 , 66
0	 , 0
86	 , 134
41	 , 65
64	 , 100
0	 , 0
42	 , 66
86	 , 134
3b	 , 59
0	 , 0
67	 , 103
3b	 , 59
84	 , 132
0	 , 0
3a	 , 58
67	 , 103
3b	 , 59
0	 , 0
3e	 , 62
65	 , 101
3f	 , 63
0	 , 0
85	 , 133
3f	 , 63
65	 , 101
0	 , 0
3f	 , 63
87	 , 135
41	 , 65
0	 , 0
63	 , 99
40	 , 64
88	 , 136
0	 , 0
41	 , 65
63	 , 99
42	 , 66
0	 , 0
87	 , 135
42	 , 66
64	 , 100
0	 , 0
42	 , 66
85	 , 133
41	 , 65
0	 , 0
3d	 , 61
86	 , 134
3d	 , 61
0	 , 0
65	 , 101
3d	 , 61
86	 , 134
0	 , 0
3e	 , 62
66	 , 102
3d	 , 61
0	 , 0
84	 , 132
3e	 , 62
66	 , 102
0	 , 0
3e	 , 62
83	 , 131
3e	 , 62
0	 , 0
65	 , 101
3f	 , 63
85	 , 133
0	 , 0
40	 , 64
65	 , 101
40	 , 64
0	 , 0
39	 , 57
66	 , 102
3b	 , 59
0	 , 0
83	 , 131
3c	 , 60
66	 , 102
0	 , 0
3c	 , 60
84	 , 132
3c	 , 60
0	 , 0
66	 , 102
3d	 , 61
86	 , 134
0	 , 0
3c	 , 60
66	 , 102
3c	 , 60
0	 , 0
88	 , 136
3d	 , 61
66	 , 102
0	 , 0
3d	 , 61
88	 , 136
3d	 , 61
0	 , 0
42	 , 66
87	 , 135
42	 , 66
0	 , 0
64	 , 100
42	 , 66
86	 , 134
0	 , 0
42	 , 66
65	 , 101
42	 , 66
0	 , 0
85	 , 133
42	 , 66
65	 , 101
0	 , 0
42	 , 66
86	 , 134
3a	 , 58
0	 , 0
68	 , 104
3c	 , 60
83	 , 131
0	 , 0
3c	 , 60
67	 , 103
3c	 , 60
0	 , 0
3f	 , 63
66	 , 102
3e	 , 62
0	 , 0
85	 , 133
40	 , 64
64	 , 100
0	 , 0
41	 , 65
87	 , 135
42	 , 66
0	 , 0
63	 , 99
42	 , 66
87	 , 135
0	 , 0
42	 , 66
63	 , 99
42	 , 66
0	 , 0
87	 , 135
42	 , 66
64	 , 100
0	 , 0
42	 , 66
86	 , 134
42	 , 66
0	 , 0
3c	 , 60
86	 , 134
3d	 , 61
0	 , 0
67	 , 103
3d	 , 61
86	 , 134
0	 , 0
3e	 , 62
66	 , 102
3f	 , 63
0	 , 0
86	 , 134
3f	 , 63
65	 , 101
0	 , 0
40	 , 64
87	 , 135
40	 , 64
0	 , 0
66	 , 102
3e	 , 62
87	 , 135
0	 , 0
3f	 , 63
65	 , 101
3f	 , 63
0	 , 0
3b	 , 59
67	 , 103
3c	 , 60
0	 , 0
84	 , 132
3c	 , 60
67	 , 103
0	 , 0
3d	 , 61
84	 , 132
3c	 , 60
0	 , 0
67	 , 103
3d	 , 61
85	 , 133
0	 , 0
3c	 , 60
66	 , 102
3d	 , 61
0	 , 0
86	 , 134
3d	 , 61
66	 , 102
0	 , 0
3d	 , 61
86	 , 134
3d	 , 61
0	 , 0
43	 , 67
86	 , 134
43	 , 67
0	 , 0
64	 , 100
43	 , 67
86	 , 134
0	 , 0
43	 , 67
65	 , 101
42	 , 66
0	 , 0
87	 , 135
41	 , 65
65	 , 101
0	 , 0
42	 , 66
87	 , 135
3c	 , 60
0	 , 0
67	 , 103
3c	 , 60
87	 , 135
0	 , 0
3e	 , 62
67	 , 103
3d	 , 61
0	 , 0
40	 , 64
66	 , 102
3f	 , 63
0	 , 0
86	 , 134
40	 , 64
66	 , 102
0	 , 0
3f	 , 63
87	 , 135
41	 , 65
0	 , 0
65	 , 101
41	 , 65
88	 , 136
0	 , 0
42	 , 66
64	 , 100
42	 , 66
0	 , 0
87	 , 135
43	 , 67
65	 , 101
0	 , 0
42	 , 66
87	 , 135
42	 , 66
0	 , 0
3e	 , 62
85	 , 133
3f	 , 63
0	 , 0
67	 , 103
3e	 , 62
86	 , 134
0	 , 0
3e	 , 62
66	 , 102
3e	 , 62
0	 , 0
87	 , 135
3e	 , 62
66	 , 102
0	 , 0
3f	 , 63
86	 , 134
3f	 , 63
0	 , 0
66	 , 102
40	 , 64
86	 , 134
0	 , 0
40	 , 64
66	 , 102
3f	 , 63
0	 , 0
3b	 , 59
67	 , 103
3c	 , 60
0	 , 0
87	 , 135
3d	 , 61
67	 , 103
0	 , 0
3c	 , 60
86	 , 134
3c	 , 60
0	 , 0
67	 , 103
3d	 , 61
85	 , 133
0	 , 0
3d	 , 61
67	 , 103
3e	 , 62
0	 , 0
85	 , 133
3f	 , 63
67	 , 103
0	 , 0
3e	 , 62
86	 , 134
3f	 , 63
0	 , 0
42	 , 66
87	 , 135
42	 , 66
0	 , 0
66	 , 102
42	 , 66
87	 , 135
0	 , 0
41	 , 65
67	 , 103
42	 , 66
0	 , 0
88	 , 136
42	 , 66
66	 , 102
0	 , 0
42	 , 66
88	 , 136
3b	 , 59
0	 , 0
68	 , 104
3c	 , 60
87	 , 135
0	 , 0
3d	 , 61
67	 , 103
3c	 , 60
0	 , 0
40	 , 64
66	 , 102
3f	 , 63
0	 , 0
85	 , 133
40	 , 64
65	 , 101
0	 , 0
40	 , 64
87	 , 135
41	 , 65
0	 , 0
65	 , 101
42	 , 66
87	 , 135
0	 , 0
41	 , 65
64	 , 100
41	 , 65
0	 , 0
87	 , 135
41	 , 65
65	 , 101
0	 , 0
41	 , 65
88	 , 136
41	 , 65
0	 , 0
3c	 , 60
85	 , 133
3c	 , 60
0	 , 0
67	 , 103
3d	 , 61
85	 , 133
0	 , 0
3d	 , 61
67	 , 103
3e	 , 62
0	 , 0
86	 , 134
3f	 , 63
66	 , 102
0	 , 0
40	 , 64
86	 , 134
40	 , 64
0	 , 0
66	 , 102
40	 , 64
86	 , 134
0	 , 0
40	 , 64
66	 , 102
3f	 , 63
0	 , 0
3c	 , 60
69	 , 105
3d	 , 61
0	 , 0
87	 , 135
3c	 , 60
68	 , 104
0	 , 0
3d	 , 61
87	 , 135
3c	 , 60
0	 , 0
68	 , 104
3b	 , 59
86	 , 134
0	 , 0
3c	 , 60
67	 , 103
3c	 , 60
0	 , 0
85	 , 133
3c	 , 60
67	 , 103
0	 , 0
3d	 , 61
85	 , 133
3d	 , 61
0	 , 0
41	 , 65
85	 , 133
42	 , 66
0	 , 0
65	 , 101
42	 , 66
86	 , 134
0	 , 0
42	 , 66
64	 , 100
42	 , 66
0	 , 0
87	 , 135
43	 , 67
62	 , 98
0	 , 0
43	 , 67
88	 , 136
3c	 , 60
0	 , 0
68	 , 104
3d	 , 61
87	 , 135
0	 , 0
3c	 , 60
68	 , 104
3d	 , 61
0	 , 0
3e	 , 62
66	 , 102
3f	 , 63
0	 , 0
87	 , 135
40	 , 64
65	 , 101
0	 , 0
40	 , 64
86	 , 134
3f	 , 63
0	 , 0
65	 , 101
3f	 , 63
85	 , 133
0	 , 0
41	 , 65
65	 , 101
41	 , 65
0	 , 0
85	 , 133
41	 , 65
66	 , 102
0	 , 0
41	 , 65
86	 , 134
41	 , 65
0	 , 0
3e	 , 62
87	 , 135
3e	 , 62
0	 , 0
67	 , 103
3e	 , 62
87	 , 135
0	 , 0
3f	 , 63
67	 , 103
3e	 , 62
0	 , 0
86	 , 134
3e	 , 62
67	 , 103
0	 , 0
3f	 , 63
86	 , 134
3f	 , 63
0	 , 0
66	 , 102
40	 , 64
86	 , 134
0	 , 0
41	 , 65
66	 , 102
41	 , 65
0	 , 0
3c	 , 60
67	 , 103
3d	 , 61
0	 , 0
87	 , 135
3c	 , 60
67	 , 103
0	 , 0
3d	 , 61
87	 , 135
3d	 , 61
0	 , 0
66	 , 102
3e	 , 62
87	 , 135
0	 , 0
3e	 , 62
66	 , 102
3f	 , 63
0	 , 0
88	 , 136
3f	 , 63
66	 , 102
0	 , 0
3f	 , 63
87	 , 135
3f	 , 63
0	 , 0
40	 , 64
86	 , 134
41	 , 65
0	 , 0
66	 , 102
42	 , 66
87	 , 135
0	 , 0
42	 , 66
65	 , 101
43	 , 67
0	 , 0
86	 , 134
44	 , 68
64	 , 100
0	 , 0
44	 , 68
85	 , 133
3c	 , 60
0	 , 0
66	 , 102
3d	 , 61
87	 , 135
0	 , 0
3c	 , 60
66	 , 102
3d	 , 61
0	 , 0
3f	 , 63
65	 , 101
40	 , 64
0	 , 0
86	 , 134
42	 , 66
65	 , 101
0	 , 0
42	 , 66
86	 , 134
41	 , 65
0	 , 0
66	 , 102
40	 , 64
85	 , 133
0	 , 0
41	 , 65
67	 , 103
40	 , 64
0	 , 0
86	 , 134
41	 , 65
66	 , 102
0	 , 0
42	 , 66
87	 , 135
42	 , 66
0	 , 0
40	 , 64
87	 , 135
3f	 , 63
0	 , 0
67	 , 103
3f	 , 63
87	 , 135
0	 , 0
3f	 , 63
67	 , 103
3f	 , 63
0	 , 0
86	 , 134
3f	 , 63
67	 , 103
0	 , 0
3e	 , 62
86	 , 134
3e	 , 62
0	 , 0
66	 , 102
40	 , 64
87	 , 135
0	 , 0
41	 , 65
66	 , 102
42	 , 66
0	 , 0
Data mismatch (1/4) at address 0x50400000: Expected 0xffff0a64, read 0xfffff4ad.

*** FAIL ***

could not open file

Cats-vs-Dogs Feather Demo
Waiting...

*** CNN Inference Test ***
Init Camera.
Configuring camera
********** Press PB1(SW1) to capture an image **********
41	 , 65
64	 , 100
41	 , 65
0	 , 0
88	 , 136
41	 , 65
63	 , 99
0	 , 0
43	 , 67
88	 , 136
43	 , 67
0	 , 0
63	 , 99
43	 , 67
88	 , 136
0	 , 0
43	 , 67
62	 , 98
43	 , 67
0	 , 0
88	 , 136
44	 , 68
62	 , 98
0	 , 0
44	 , 68
88	 , 136
44	 , 68
0	 , 0
47	 , 71
88	 , 136
49	 , 73
0	 , 0
60	 , 96
49	 , 73
88	 , 136
0	 , 0
4a	 , 74
60	 , 96
49	 , 73
0	 , 0
88	 , 136
49	 , 73
60	 , 96
0	 , 0
49	 , 73
88	 , 136
41	 , 65
0	 , 0
65	 , 101
41	 , 65
88	 , 136
0	 , 0
41	 , 65
64	 , 100
42	 , 66
0	 , 0
45	 , 69
64	 , 100
46	 , 70
0	 , 0
89	 , 137
46	 , 70
63	 , 99
0	 , 0
46	 , 70
89	 , 137
45	 , 69
0	 , 0
62	 , 98
45	 , 69
88	 , 136
0	 , 0
46	 , 70
61	 , 97
47	 , 71
0	 , 0
88	 , 136
49	 , 73
60	 , 96
0	 , 0
49	 , 73
88	 , 136
4a	 , 74
0	 , 0
43	 , 67
88	 , 136
44	 , 68
0	 , 0
63	 , 99
45	 , 69
87	 , 135
0	 , 0
45	 , 69
63	 , 99
45	 , 69
0	 , 0
88	 , 136
45	 , 69
63	 , 99
0	 , 0
45	 , 69
89	 , 137
45	 , 69
0	 , 0
63	 , 99
45	 , 69
88	 , 136
0	 , 0
46	 , 70
62	 , 98
46	 , 70
0	 , 0
41	 , 65
65	 , 101
41	 , 65
0	 , 0
87	 , 135
41	 , 65
65	 , 101
0	 , 0
41	 , 65
87	 , 135
40	 , 64
0	 , 0
65	 , 101
41	 , 65
88	 , 136
0	 , 0
42	 , 66
65	 , 101
43	 , 67
0	 , 0
88	 , 136
44	 , 68
64	 , 100
0	 , 0
45	 , 69
87	 , 135
44	 , 68
0	 , 0
49	 , 73
87	 , 135
4a	 , 74
0	 , 0
60	 , 96
4a	 , 74
87	 , 135
0	 , 0
4a	 , 74
61	 , 97
4a	 , 74
0	 , 0
87	 , 135
4a	 , 74
61	 , 97
0	 , 0
4a	 , 74
88	 , 136
40	 , 64
0	 , 0
66	 , 102
41	 , 65
86	 , 134
0	 , 0
40	 , 64
65	 , 101
41	 , 65
0	 , 0
46	 , 70
62	 , 98
46	 , 70
0	 , 0
88	 , 136
47	 , 71
61	 , 97
0	 , 0
48	 , 72
88	 , 136
49	 , 73
0	 , 0
5f	 , 95
49	 , 73
88	 , 136
0	 , 0
48	 , 72
5f	 , 95
49	 , 73
0	 , 0
88	 , 136
49	 , 73
60	 , 96
0	 , 0
49	 , 73
88	 , 136
4a	 , 74
0	 , 0
44	 , 68
88	 , 136
44	 , 68
0	 , 0
62	 , 98
45	 , 69
89	 , 137
0	 , 0
45	 , 69
62	 , 98
46	 , 70
0	 , 0
8a	 , 138
46	 , 70
62	 , 98
0	 , 0
46	 , 70
89	 , 137
46	 , 70
0	 , 0
61	 , 97
46	 , 70
88	 , 136
0	 , 0
47	 , 71
61	 , 97
48	 , 72
0	 , 0
41	 , 65
64	 , 100
42	 , 66
0	 , 0
85	 , 133
42	 , 66
64	 , 100
0	 , 0
42	 , 66
86	 , 134
43	 , 67
0	 , 0
63	 , 99
43	 , 67
87	 , 135
0	 , 0
44	 , 68
63	 , 99
46	 , 70
0	 , 0
88	 , 136
45	 , 69
62	 , 98
0	 , 0
45	 , 69
8a	 , 138
46	 , 70
0	 , 0
49	 , 73
88	 , 136
4a	 , 74
0	 , 0
60	 , 96
4a	 , 74
88	 , 136
0	 , 0
4b	 , 75
5f	 , 95
4b	 , 75
0	 , 0
89	 , 137
4c	 , 76
5e	 , 94
0	 , 0
4c	 , 76
8a	 , 138
41	 , 65
0	 , 0
65	 , 101
43	 , 67
84	 , 132
0	 , 0
43	 , 67
64	 , 100
42	 , 66
0	 , 0
47	 , 71
61	 , 97
48	 , 72
0	 , 0
87	 , 135
48	 , 72
61	 , 97
0	 , 0
48	 , 72
88	 , 136
48	 , 72
0	 , 0
62	 , 98
48	 , 72
88	 , 136
0	 , 0
49	 , 73
62	 , 98
49	 , 73
0	 , 0
88	 , 136
4a	 , 74
61	 , 97
0	 , 0
4b	 , 75
88	 , 136
4c	 , 76
0	 , 0
45	 , 69
88	 , 136
46	 , 70
0	 , 0
61	 , 97
46	 , 70
89	 , 137
0	 , 0
47	 , 71
61	 , 97
46	 , 70
0	 , 0
88	 , 136
47	 , 71
61	 , 97
0	 , 0
48	 , 72
88	 , 136
48	 , 72
0	 , 0
61	 , 97
49	 , 73
88	 , 136
0	 , 0
49	 , 73
60	 , 96
49	 , 73
0	 , 0
43	 , 67
64	 , 100
43	 , 67
0	 , 0
85	 , 133
43	 , 67
64	 , 100
0	 , 0
43	 , 67
86	 , 134
44	 , 68
0	 , 0
63	 , 99
44	 , 68
86	 , 134
0	 , 0
44	 , 68
62	 , 98
45	 , 69
0	 , 0
87	 , 135
46	 , 70
61	 , 97
0	 , 0
46	 , 70
89	 , 137
47	 , 71
0	 , 0
4c	 , 76
87	 , 135
4b	 , 75
0	 , 0
61	 , 97
4c	 , 76
87	 , 135
0	 , 0
4d	 , 77
60	 , 96
4d	 , 77
0	 , 0
87	 , 135
4d	 , 77
5f	 , 95
0	 , 0
4d	 , 77
88	 , 136
43	 , 67
0	 , 0
64	 , 100
43	 , 67
85	 , 133
0	 , 0
43	 , 67
63	 , 99
45	 , 69
0	 , 0
49	 , 73
61	 , 97
49	 , 73
0	 , 0
88	 , 136
4a	 , 74
60	 , 96
0	 , 0
4b	 , 75
88	 , 136
4b	 , 75
0	 , 0
60	 , 96
4b	 , 75
88	 , 136
0	 , 0
4c	 , 76
60	 , 96
4c	 , 76
0	 , 0
88	 , 136
4c	 , 76
60	 , 96
0	 , 0
4d	 , 77
88	 , 136
4d	 , 77
0	 , 0
45	 , 69
87	 , 135
46	 , 70
0	 , 0
61	 , 97
47	 , 71
88	 , 136
0	 , 0
47	 , 71
61	 , 97
48	 , 72
0	 , 0
88	 , 136
48	 , 72
61	 , 97
0	 , 0
49	 , 73
88	 , 136
49	 , 73
0	 , 0
61	 , 97
4a	 , 74
87	 , 135
0	 , 0
4b	 , 75
61	 , 97
4b	 , 75
0	 , 0
43	 , 67
62	 , 98
43	 , 67
0	 , 0
87	 , 135
44	 , 68
62	 , 98
0	 , 0
44	 , 68
88	 , 136
44	 , 68
0	 , 0
62	 , 98
44	 , 68
88	 , 136
0	 , 0
45	 , 69
61	 , 97
45	 , 69
0	 , 0
87	 , 135
47	 , 71
60	 , 96
0	 , 0
48	 , 72
88	 , 136
48	 , 72
0	 , 0
4d	 , 77
88	 , 136
4d	 , 77
0	 , 0
60	 , 96
4d	 , 77
88	 , 136
0	 , 0
4d	 , 77
5f	 , 95
4e	 , 78
0	 , 0
88	 , 136
4f	 , 79
5e	 , 94
0	 , 0
4f	 , 79
88	 , 136
43	 , 67
0	 , 0
63	 , 99
44	 , 68
87	 , 135
0	 , 0
44	 , 68
63	 , 99
44	 , 68
0	 , 0
4a	 , 74
61	 , 97
4b	 , 75
0	 , 0
87	 , 135
4c	 , 76
61	 , 97
0	 , 0
4c	 , 76
87	 , 135
4c	 , 76
0	 , 0
60	 , 96
4c	 , 76
87	 , 135
0	 , 0
4c	 , 76
60	 , 96
4c	 , 76
0	 , 0
88	 , 136
4d	 , 77
61	 , 97
0	 , 0
4d	 , 77
87	 , 135
4e	 , 78
0	 , 0
47	 , 71
88	 , 136
47	 , 71
0	 , 0
60	 , 96
48	 , 72
87	 , 135
0	 , 0
48	 , 72
61	 , 97
48	 , 72
0	 , 0
86	 , 134
4a	 , 74
61	 , 97
0	 , 0
4b	 , 75
87	 , 135
4b	 , 75
0	 , 0
60	 , 96
4b	 , 75
87	 , 135
0	 , 0
4c	 , 76
60	 , 96
4c	 , 76
0	 , 0
43	 , 67
64	 , 100
45	 , 69
0	 , 0
88	 , 136
46	 , 70
63	 , 99
0	 , 0
46	 , 70
88	 , 136
46	 , 70
0	 , 0
62	 , 98
46	 , 70
88	 , 136
0	 , 0
47	 , 71
61	 , 97
47	 , 71
0	 , 0
87	 , 135
47	 , 71
61	 , 97
0	 , 0
48	 , 72
87	 , 135
48	 , 72
0	 , 0
4c	 , 76
88	 , 136
4d	 , 77
0	 , 0
60	 , 96
4e	 , 78
87	 , 135
0	 , 0
4f	 , 79
5f	 , 95
50	 , 80
0	 , 0
88	 , 136
51	 , 81
5d	 , 93
0	 , 0
51	 , 81
88	 , 136
43	 , 67
0	 , 0
64	 , 100
46	 , 70
87	 , 135
0	 , 0
46	 , 70
62	 , 98
47	 , 71
0	 , 0
4a	 , 74
61	 , 97
4b	 , 75
0	 , 0
89	 , 137
4c	 , 76
61	 , 97
0	 , 0
4c	 , 76
8a	 , 138
4c	 , 76
0	 , 0
60	 , 96
4d	 , 77
8b	 , 139
0	 , 0
4c	 , 76
60	 , 96
4d	 , 77
0	 , 0
8a	 , 138
4e	 , 78
5f	 , 95
0	 , 0
4f	 , 79
89	 , 137
50	 , 80
0	 , 0
48	 , 72
88	 , 136
48	 , 72
0	 , 0
61	 , 97
49	 , 73
87	 , 135
0	 , 0
49	 , 73
61	 , 97
49	 , 73
0	 , 0
86	 , 134
49	 , 73
61	 , 97
0	 , 0
4a	 , 74
87	 , 135
4b	 , 75
0	 , 0
61	 , 97
4d	 , 77
88	 , 136
0	 , 0
4d	 , 77
60	 , 96
4d	 , 77
0	 , 0
45	 , 69
63	 , 99
46	 , 70
0	 , 0
86	 , 134
46	 , 70
63	 , 99
0	 , 0
47	 , 71
87	 , 135
46	 , 70
0	 , 0
63	 , 99
47	 , 71
87	 , 135
0	 , 0
48	 , 72
61	 , 97
47	 , 71
0	 , 0
87	 , 135
49	 , 73
61	 , 97
0	 , 0
4a	 , 74
87	 , 135
4a	 , 74
0	 , 0
4f	 , 79
89	 , 137
50	 , 80
0	 , 0
5e	 , 94
50	 , 80
89	 , 137
0	 , 0
51	 , 81
5e	 , 94
51	 , 81
0	 , 0
8a	 , 138
52	 , 82
5d	 , 93
0	 , 0
52	 , 82
8c	 , 140
46	 , 70
0	 , 0
62	 , 98
46	 , 70
86	 , 134
0	 , 0
46	 , 70
62	 , 98
46	 , 70
0	 , 0
4c	 , 76
5f	 , 95
4e	 , 78
0	 , 0
88	 , 136
4f	 , 79
5e	 , 94
0	 , 0
4e	 , 78
8a	 , 138
4e	 , 78
0	 , 0
5f	 , 95
4e	 , 78
89	 , 137
0	 , 0
4e	 , 78
5e	 , 94
4f	 , 79
0	 , 0
88	 , 136
50	 , 80
5d	 , 93
0	 , 0
51	 , 81
88	 , 136
51	 , 81
0	 , 0
4a	 , 74
87	 , 135
4a	 , 74
0	 , 0
60	 , 96
4a	 , 74
87	 , 135
0	 , 0
49	 , 73
61	 , 97
4a	 , 74
0	 , 0
87	 , 135
4b	 , 75
61	 , 97
0	 , 0
4c	 , 76
88	 , 136
4d	 , 77
0	 , 0
5f	 , 95
4e	 , 78
89	 , 137
0	 , 0
4f	 , 79
5e	 , 94
4f	 , 79
0	 , 0

*** PASS ***

Approximate inference time: 469 us

Classification results:
[  -5083] -> Class 0: 0.0%
[ -28319] -> Class 1: 0.0%
[-145757] -> Class 2: 0.0%
[ -39882] -> Class 3: 0.0%
[   1369] -> Class 4: 0.0%
[  46579] -> Class 5: 0.3%
[-155269] -> Class 6: 0.0%
[ -77677] -> Class 7: 0.0%
[ 179014] -> Class 8: 70.4%
[ -42085] -> Class 9: 0.0%
[  15320] -> Class 10: 0.1%
[ -23643] -> Class 11: 0.0%
[  23464] -> Class 12: 0.1%
[-142625] -> Class 13: 0.0%
[ -90450] -> Class 14: 0.0%
[  31384] -> Class 15: 0.1%
[ -63027] -> Class 16: 0.0%
[   8497] -> Class 17: 0.1%
[ 149297] -> Class 18: 17.6%
[ -64051] -> Class 19: 0.0%
[ -97465] -> Class 20: 0.0%
[  24018] -> Class 21: 0.1%
[ 131647] -> Class 22: 8.8%
[-122998] -> Class 23: 0.0%
[  98872] -> Class 24: 2.2%
could not open file

Cats-vs-Dogs Feather Demo
Waiting...

*** CNN Inference Test ***
Init Camera.
Configuring camera
********** Press PB1(SW1) to capture an image **********
c3	 , 195
e4	 , 228
c3	 , 195
80	 , 128
6	 , 6
c2	 , 194
e5	 , 229
80	 , 128
c2	 , 194
7	 , 7
c2	 , 194
80	 , 128
e6	 , 230
c2	 , 194
8	 , 8
80	 , 128
c3	 , 195
e5	 , 229
c3	 , 195
80	 , 128
7	 , 7
c5	 , 197
e2	 , 226
80	 , 128
c6	 , 198
7	 , 7
c7	 , 199
80	 , 128
d7	 , 215
a	 , 10
d8	 , 216
80	 , 128
d8	 , 216
da	 , 218
b	 , 11
80	 , 128
dc	 , 220
d5	 , 213
e0	 , 224
80	 , 128
d	 , 13
e2	 , 226
d2	 , 210
80	 , 128
e4	 , 228
d	 , 13
c2	 , 194
80	 , 128
e2	 , 226
c2	 , 194
7	 , 7
80	 , 128
c2	 , 194
e4	 , 228
c2	 , 194
80	 , 128
cd	 , 205
de	 , 222
cf	 , 207
80	 , 128
8	 , 8
d2	 , 210
db	 , 219
80	 , 128
d3	 , 211
a	 , 10
d5	 , 213
80	 , 128
da	 , 218
d6	 , 214
a	 , 10
80	 , 128
d8	 , 216
da	 , 218
d9	 , 217
80	 , 128
9	 , 9
db	 , 219
da	 , 218
80	 , 128
dc	 , 220
9	 , 9
de	 , 222
80	 , 128
c4	 , 196
7	 , 7
c6	 , 198
80	 , 128
e2	 , 226
c7	 , 199
7	 , 7
80	 , 128
c8	 , 200
e1	 , 225
c9	 , 201
80	 , 128
7	 , 7
ca	 , 202
e0	 , 224
80	 , 128
cc	 , 204
7	 , 7
d0	 , 208
80	 , 128
dd	 , 221
d1	 , 209
a	 , 10
80	 , 128
d3	 , 211
d9	 , 217
d5	 , 213
80	 , 128
c0	 , 192
e4	 , 228
c0	 , 192
80	 , 128
5	 , 5
c0	 , 192
e4	 , 228
80	 , 128
c1	 , 193
6	 , 6
c1	 , 193
80	 , 128
e4	 , 228
c3	 , 195
7	 , 7
80	 , 128
c4	 , 196
e3	 , 227
c5	 , 197
80	 , 128
8	 , 8
c6	 , 198
e2	 , 226
80	 , 128
c8	 , 200
7	 , 7
c8	 , 200
80	 , 128
de	 , 222
b	 , 11
e0	 , 224
80	 , 128
d7	 , 215
e2	 , 226
b	 , 11
80	 , 128
e4	 , 228
d4	 , 212
e7	 , 231
80	 , 128
c	 , 12
e8	 , 232
d2	 , 210
80	 , 128
eb	 , 235
e	 , 14
c0	 , 192
80	 , 128
e4	 , 228
c0	 , 192
6	 , 6
80	 , 128
c1	 , 193
e4	 , 228
c2	 , 194
80	 , 128
d2	 , 210
d9	 , 217
d5	 , 213
80	 , 128
c	 , 12
d7	 , 215
d6	 , 214
80	 , 128
d8	 , 216
d	 , 13
db	 , 219
80	 , 128
d6	 , 214
dd	 , 221
e	 , 14
80	 , 128
df	 , 223
d6	 , 214
e2	 , 226
80	 , 128
f	 , 15
e4	 , 228
d4	 , 212
80	 , 128
e6	 , 230
11	 , 17
e8	 , 232
80	 , 128
c5	 , 197
8	 , 8
c8	 , 200
80	 , 128
e1	 , 225
ca	 , 202
7	 , 7
80	 , 128
cd	 , 205
df	 , 223
ce	 , 206
80	 , 128
7	 , 7
cf	 , 207
dd	 , 221
80	 , 128
d0	 , 208
9	 , 9
d3	 , 211
80	 , 128
d9	 , 217
d6	 , 214
a	 , 10
80	 , 128
d8	 , 216
d7	 , 215
da	 , 218
80	 , 128
c2	 , 194
e3	 , 227
c3	 , 195
80	 , 128
7	 , 7
c3	 , 195
e1	 , 225
80	 , 128
c3	 , 195
8	 , 8
c3	 , 195
80	 , 128
e2	 , 226
c5	 , 197
a	 , 10
80	 , 128
c6	 , 198
e1	 , 225
c8	 , 200
80	 , 128
a	 , 10
cb	 , 203
de	 , 222
80	 , 128
ce	 , 206
a	 , 10
d0	 , 208
80	 , 128
e4	 , 228
10	 , 16
e8	 , 232
80	 , 128
d2	 , 210
eb	 , 235
11	 , 17
80	 , 128
ee	 , 238
cf	 , 207
ef	 , 239
80	 , 128
11	 , 17
f0	 , 240
cc	 , 204
80	 , 128
f2	 , 242
11	 , 17
c3	 , 195
80	 , 128
e2	 , 226
c5	 , 197
6	 , 6
80	 , 128
c5	 , 197
e1	 , 225
c5	 , 197
80	 , 128
d8	 , 216
d9	 , 217
da	 , 218
80	 , 128
b	 , 11
dd	 , 221
d7	 , 215
80	 , 128
dd	 , 221
d	 , 13
e0	 , 224
80	 , 128
d7	 , 215
e1	 , 225
d	 , 13
80	 , 128
e2	 , 226
d6	 , 214
e5	 , 229
80	 , 128
e	 , 14
e9	 , 233
d3	 , 211
80	 , 128
ec	 , 236
f	 , 15
ef	 , 239
80	 , 128
ce	 , 206
a	 , 10
d1	 , 209
80	 , 128
dc	 , 220
d3	 , 211
c	 , 12
80	 , 128
d4	 , 212
db	 , 219
d5	 , 213
80	 , 128
c	 , 12
d6	 , 214
d9	 , 217
80	 , 128
d8	 , 216
c	 , 12
da	 , 218
80	 , 128
d7	 , 215
dc	 , 220
d	 , 13
80	 , 128
de	 , 222
d6	 , 214
de	 , 222
80	 , 128
c6	 , 198
e1	 , 225
c7	 , 199
80	 , 128
6	 , 6
c9	 , 201
e0	 , 224
80	 , 128
cb	 , 203
5	 , 5
cc	 , 204
80	 , 128
e0	 , 224
cd	 , 205
7	 , 7
80	 , 128
ce	 , 206
df	 , 223
d0	 , 208
80	 , 128
9	 , 9
d2	 , 210
df	 , 223
80	 , 128
d3	 , 211
a	 , 10
d4	 , 212
80	 , 128
e7	 , 231
d	 , 13
ea	 , 234
80	 , 128
d4	 , 212
ec	 , 236
d	 , 13
80	 , 128
ef	 , 239
d1	 , 209
f3	 , 243
80	 , 128
e	 , 14
f4	 , 244
ce	 , 206
80	 , 128
f8	 , 248
f	 , 15
c8	 , 200
80	 , 128
df	 , 223
ca	 , 202
7	 , 7
80	 , 128
cc	 , 204
dd	 , 221
ce	 , 206
80	 , 128
dc	 , 220
d8	 , 216
de	 , 222
80	 , 128
c	 , 12
e0	 , 224
d6	 , 214
80	 , 128
e0	 , 224
c	 , 12
e2	 , 226
80	 , 128
d6	 , 214
e4	 , 228
d	 , 13
80	 , 128
e6	 , 230
d5	 , 213
e9	 , 233
80	 , 128
e	 , 14
eb	 , 235
d3	 , 211
80	 , 128
ed	 , 237
f	 , 15
ef	 , 239
80	 , 128
d2	 , 210
9	 , 9
d5	 , 213
80	 , 128
dc	 , 220
d6	 , 214
b	 , 11
80	 , 128
d8	 , 216
dc	 , 220
d9	 , 217
80	 , 128
d	 , 13
da	 , 218
db	 , 219
80	 , 128
db	 , 219
b	 , 11
de	 , 222
80	 , 128
d9	 , 217
e0	 , 224
a	 , 10
80	 , 128
e1	 , 225
d7	 , 215
e2	 , 226
80	 , 128
ca	 , 202
e0	 , 224
cc	 , 204
80	 , 128
9	 , 9
cd	 , 205
de	 , 222
80	 , 128
cf	 , 207
9	 , 9
d1	 , 209
80	 , 128
dc	 , 220
d3	 , 211
9	 , 9
80	 , 128
d3	 , 211
db	 , 219
d4	 , 212
80	 , 128
9	 , 9
d5	 , 213
db	 , 219
80	 , 128
d6	 , 214
b	 , 11
d7	 , 215
80	 , 128
eb	 , 235
e	 , 14
ed	 , 237
80	 , 128
d1	 , 209
ee	 , 238
f	 , 15
80	 , 128
f0	 , 240
cf	 , 207
f4	 , 244
80	 , 128
f	 , 15
f7	 , 247
cd	 , 205
80	 , 128
fa	 , 250
10	 , 16
cc	 , 204
80	 , 128
df	 , 223
ce	 , 206
8	 , 8
80	 , 128
cf	 , 207
de	 , 222
d0	 , 208
80	 , 128
df	 , 223
d7	 , 215
e2	 , 226
80	 , 128
a	 , 10
e4	 , 228
d5	 , 213
80	 , 128
e5	 , 229
b	 , 11
e7	 , 231
80	 , 128
d3	 , 211
e7	 , 231
d	 , 13
80	 , 128
e9	 , 233
d1	 , 209
eb	 , 235
80	 , 128
f	 , 15
ed	 , 237
d1	 , 209
80	 , 128
ef	 , 239
f	 , 15
f1	 , 241
80	 , 128
d6	 , 214
a	 , 10
d7	 , 215
80	 , 128
db	 , 219
d8	 , 216
a	 , 10
80	 , 128
da	 , 218
d9	 , 217
db	 , 219
80	 , 128
b	 , 11
de	 , 222
d7	 , 215
80	 , 128
df	 , 223
c	 , 12
e0	 , 224
80	 , 128
d6	 , 214
e3	 , 227
c	 , 12
80	 , 128
e5	 , 229
d4	 , 212
e7	 , 231
80	 , 128
d1	 , 209
dd	 , 221
d2	 , 210
80	 , 128
9	 , 9
d2	 , 210
dc	 , 220
80	 , 128
d3	 , 211
9	 , 9
d4	 , 212
80	 , 128
db	 , 219
d5	 , 213
9	 , 9
80	 , 128
d6	 , 214
db	 , 219
d8	 , 216
80	 , 128
9	 , 9
d8	 , 216
db	 , 219
80	 , 128
d9	 , 217
9	 , 9
da	 , 218
80	 , 128
ec	 , 236
10	 , 16
ef	 , 239
80	 , 128
cf	 , 207
f1	 , 241
e	 , 14
80	 , 128
f4	 , 244
cd	 , 205
f7	 , 247
80	 , 128
e	 , 14
f9	 , 249
ca	 , 202
80	 , 128
fe	 , 254
e	 , 14
d3	 , 211
80	 , 128
db	 , 219
d4	 , 212
a	 , 10
80	 , 128
d4	 , 212
da	 , 218
d6	 , 214
80	 , 128
e1	 , 225
d5	 , 213
e3	 , 227
80	 , 128
d	 , 13
e6	 , 230
d1	 , 209
80	 , 128
e8	 , 232
e	 , 14
ea	 , 234
80	 , 128
d0	 , 208
eb	 , 235
f	 , 15
80	 , 128
ec	 , 236
cf	 , 207
ed	 , 237
80	 , 128
f	 , 15
f0	 , 240
ce	 , 206
80	 , 128
f2	 , 242
f	 , 15
f5	 , 245
80	 , 128
db	 , 219
b	 , 11
dc	 , 220
80	 , 128
d9	 , 217
dd	 , 221
a	 , 10
80	 , 128
de	 , 222
d8	 , 216
df	 , 223
80	 , 128
b	 , 11
e0	 , 224
d6	 , 214
80	 , 128
e1	 , 225
b	 , 11
e3	 , 227
80	 , 128
d4	 , 212
e5	 , 229
c	 , 12
80	 , 128
e7	 , 231
d2	 , 210
e9	 , 233
80	 , 128
d5	 , 213
da	 , 218
d6	 , 214
80	 , 128
b	 , 11
d7	 , 215
d9	 , 217
80	 , 128
d9	 , 217
c	 , 12
d9	 , 217
80	 , 128
d7	 , 215
da	 , 218
c	 , 12
80	 , 128
db	 , 219
d8	 , 216
dc	 , 220
80	 , 128
c	 , 12
dd	 , 221
d8	 , 216
80	 , 128
de	 , 222
b	 , 11
df	 , 223
80	 , 128
f0	 , 240
e	 , 14
f3	 , 243
80	 , 128
cc	 , 204
f4	 , 244
f	 , 15
80	 , 128
f6	 , 246
cd	 , 205
fa	 , 250
80	 , 128
f	 , 15
fb	 , 251
cb	 , 203
80	 , 128
0	 , 0
10	 , 16
d7	 , 215
80	 , 128
d8	 , 216
d8	 , 216
b	 , 11
80	 , 128
d9	 , 217
d7	 , 215
db	 , 219
80	 , 128
e7	 , 231
d2	 , 210
e8	 , 232
80	 , 128
c	 , 12
ea	 , 234
d0	 , 208
80	 , 128
ec	 , 236
e	 , 14
ed	 , 237
80	 , 128
ce	 , 206
ef	 , 239
f	 , 15
80	 , 128
f1	 , 241
cb	 , 203
f2	 , 242
80	 , 128
10	 , 16
f4	 , 244
cb	 , 203
80	 , 128
f5	 , 245
f	 , 15
f7	 , 247
80	 , 128
df	 , 223
d	 , 13
e0	 , 224
80	 , 128
d5	 , 213
e1	 , 225
c	 , 12
80	 , 128
e3	 , 227
d4	 , 212
e4	 , 228
80	 , 128
c	 , 12
e5	 , 229
d3	 , 211
80	 , 128
e6	 , 230
b	 , 11
e8	 , 232
80	 , 128
d2	 , 210
e9	 , 233
c	 , 12
80	 , 128
ec	 , 236
cf	 , 207
ed	 , 237
80	 , 128

*** PASS ***

Approximate inference time: 469 us

Classification results:
[  36544] -> Class 0: 1.8%
[ -22481] -> Class 1: 0.1%
[-120853] -> Class 2: 0.0%
[ -37830] -> Class 3: 0.1%
[  15031] -> Class 4: 0.4%
[  53831] -> Class 5: 3.5%
[-175301] -> Class 6: 0.0%
[ -90609] -> Class 7: 0.0%
[ 125052] -> Class 8: 56.3%
[ -42444] -> Class 9: 0.1%
[  49102] -> Class 10: 1.8%
[ -86401] -> Class 11: 0.0%
[  -6406] -> Class 12: 0.2%
[ -98715] -> Class 13: 0.0%
[ -51900] -> Class 14: 0.0%
[  92196] -> Class 15: 14.1%
[  12817] -> Class 16: 0.4%
[ -72339] -> Class 17: 0.0%
[  71130] -> Class 18: 7.0%
[ -79052] -> Class 19: 0.0%
[ -88964] -> Class 20: 0.0%
[ -61184] -> Class 21: 0.0%
[  81779] -> Class 22: 7.0%
[-127942] -> Class 23: 0.0%
[  80747] -> Class 24: 7.0%
could not open file

Cats-vs-Dogs Feather Demo
Waiting...

*** CNN Inference Test ***
Init Camera.
Configuring camera
********** Press PB1(SW1) to capture an image **********
c3	 , 195
e3	 , 227
c2	 , 194
80	 , 128
6	 , 6
c1	 , 193
e4	 , 228
80	 , 128
c0	 , 192
6	 , 6
be	 , 190
80	 , 128
e6	 , 230
bd	 , 189
5	 , 5
80	 , 128
bd	 , 189
e8	 , 232
bb	 , 187
80	 , 128
5	 , 5
bc	 , 188
e8	 , 232
80	 , 128
bc	 , 188
4	 , 4
bd	 , 189
80	 , 128
d3	 , 211
a	 , 10
d6	 , 214
80	 , 128
d8	 , 216
d8	 , 216
c	 , 12
80	 , 128
da	 , 218
d6	 , 214
dd	 , 221
80	 , 128
e	 , 14
df	 , 223
d4	 , 212
80	 , 128
e2	 , 226
e	 , 14
c3	 , 195
80	 , 128
e3	 , 227
c1	 , 193
6	 , 6
80	 , 128
c1	 , 193
e3	 , 227
c0	 , 192
80	 , 128
c5	 , 197
e4	 , 228
c7	 , 199
80	 , 128
8	 , 8
c9	 , 201
e3	 , 227
80	 , 128
ca	 , 202
7	 , 7
cc	 , 204
80	 , 128
e1	 , 225
ce	 , 206
7	 , 7
80	 , 128
d2	 , 210
de	 , 222
d4	 , 212
80	 , 128
8	 , 8
d7	 , 215
da	 , 218
80	 , 128
d9	 , 217
b	 , 11
db	 , 219
80	 , 128
bc	 , 188
7	 , 7
bd	 , 189
80	 , 128
e6	 , 230
be	 , 190
6	 , 6
80	 , 128
c0	 , 192
e5	 , 229
c1	 , 193
80	 , 128
6	 , 6
c3	 , 195
e3	 , 227
80	 , 128
c4	 , 196
7	 , 7
c6	 , 198
80	 , 128
e2	 , 226
c8	 , 200
8	 , 8
80	 , 128
cb	 , 203
e1	 , 225
cd	 , 205
80	 , 128
c1	 , 193
e4	 , 228
bf	 , 191
80	 , 128
6	 , 6
bf	 , 191
e5	 , 229
80	 , 128
be	 , 190
6	 , 6
bd	 , 189
80	 , 128
e5	 , 229
be	 , 190
6	 , 6
80	 , 128
be	 , 190
e5	 , 229
bd	 , 189
80	 , 128
6	 , 6
be	 , 190
e6	 , 230
80	 , 128
be	 , 190
5	 , 5
c1	 , 193
80	 , 128
d8	 , 216
a	 , 10
da	 , 218
80	 , 128
d8	 , 216
dc	 , 220
b	 , 11
80	 , 128
dd	 , 221
d7	 , 215
de	 , 222
80	 , 128
c	 , 12
e0	 , 224
d5	 , 213
80	 , 128
e3	 , 227
d	 , 13
bf	 , 191
80	 , 128
e6	 , 230
bd	 , 189
6	 , 6
80	 , 128
bd	 , 189
e6	 , 230
bd	 , 189
80	 , 128
cb	 , 203
e0	 , 224
cc	 , 204
80	 , 128
8	 , 8
cf	 , 207
de	 , 222
80	 , 128
d0	 , 208
a	 , 10
d3	 , 211
80	 , 128
dc	 , 220
d5	 , 213
c	 , 12
80	 , 128
d7	 , 215
da	 , 218
d9	 , 217
80	 , 128
c	 , 12
da	 , 218
d8	 , 216
80	 , 128
dc	 , 220
c	 , 12
dd	 , 221
80	 , 128
bf	 , 191
7	 , 7
c1	 , 193
80	 , 128
e4	 , 228
c2	 , 194
6	 , 6
80	 , 128
c4	 , 196
e3	 , 227
c5	 , 197
80	 , 128
5	 , 5
c7	 , 199
e2	 , 226
80	 , 128
c8	 , 200
5	 , 5
cb	 , 203
80	 , 128
e1	 , 225
cd	 , 205
7	 , 7
80	 , 128
d0	 , 208
df	 , 223
d1	 , 209
80	 , 128
bd	 , 189
e7	 , 231
bc	 , 188
80	 , 128
7	 , 7
bc	 , 188
e7	 , 231
80	 , 128
bd	 , 189
7	 , 7
be	 , 190
80	 , 128
e6	 , 230
bf	 , 191
7	 , 7
80	 , 128
bf	 , 191
e4	 , 228
c0	 , 192
80	 , 128
7	 , 7
c3	 , 195
e2	 , 226
80	 , 128
c5	 , 197
8	 , 8
c6	 , 198
80	 , 128
da	 , 218
b	 , 11
dc	 , 220
80	 , 128
d7	 , 215
de	 , 222
c	 , 12
80	 , 128
e0	 , 224
d5	 , 213
e2	 , 226
80	 , 128
d	 , 13
e4	 , 228
d2	 , 210
80	 , 128
e6	 , 230
f	 , 15
bd	 , 189
80	 , 128
e9	 , 233
bc	 , 188
7	 , 7
80	 , 128
bc	 , 188
e9	 , 233
bd	 , 189
80	 , 128
d0	 , 208
de	 , 222
d2	 , 210
80	 , 128
8	 , 8
d4	 , 212
de	 , 222
80	 , 128
d4	 , 212
a	 , 10
d7	 , 215
80	 , 128
dd	 , 221
d8	 , 216
b	 , 11
80	 , 128
d9	 , 217
dc	 , 220
db	 , 219
80	 , 128
a	 , 10
dd	 , 221
d9	 , 217
80	 , 128
de	 , 222
a	 , 10
e1	 , 225
80	 , 128
c4	 , 196
8	 , 8
c5	 , 197
80	 , 128
e2	 , 226
c8	 , 200
a	 , 10
80	 , 128
cb	 , 203
e0	 , 224
cd	 , 205
80	 , 128
a	 , 10
d0	 , 208
dd	 , 221
80	 , 128
d1	 , 209
a	 , 10
d3	 , 211
80	 , 128
db	 , 219
d5	 , 213
b	 , 11
80	 , 128
d6	 , 214
db	 , 219
d7	 , 215
80	 , 128
bc	 , 188
e7	 , 231
bd	 , 189
80	 , 128
7	 , 7
be	 , 190
e7	 , 231
80	 , 128
bf	 , 191
7	 , 7
c0	 , 192
80	 , 128
e5	 , 229
c2	 , 194
7	 , 7
80	 , 128
c3	 , 195
e3	 , 227
c5	 , 197
80	 , 128
7	 , 7
c7	 , 199
e1	 , 225
80	 , 128
ca	 , 202
8	 , 8
cc	 , 204
80	 , 128
de	 , 222
b	 , 11
e0	 , 224
80	 , 128
d9	 , 217
e2	 , 226
c	 , 12
80	 , 128
e4	 , 228
d5	 , 213
e7	 , 231
80	 , 128
d	 , 13
e8	 , 232
d3	 , 211
80	 , 128
e9	 , 233
f	 , 15
be	 , 190
80	 , 128
e6	 , 230
bf	 , 191
6	 , 6
80	 , 128
bf	 , 191
e6	 , 230
c0	 , 192
80	 , 128
d7	 , 215
da	 , 218
d8	 , 216
80	 , 128
c	 , 12
d9	 , 217
db	 , 219
80	 , 128
d9	 , 217
c	 , 12
da	 , 218
80	 , 128
dc	 , 220
dc	 , 220
d	 , 13
80	 , 128
dd	 , 221
db	 , 219
df	 , 223
80	 , 128
e	 , 14
e2	 , 226
d8	 , 216
80	 , 128
e4	 , 228
f	 , 15
e5	 , 229
80	 , 128
c9	 , 201
8	 , 8
cb	 , 203
80	 , 128
df	 , 223
cd	 , 205
9	 , 9
80	 , 128
d0	 , 208
dd	 , 221
d2	 , 210
80	 , 128
a	 , 10
d4	 , 212
dc	 , 220
80	 , 128
d5	 , 213
b	 , 11
d8	 , 216
80	 , 128
dc	 , 220
d9	 , 217
b	 , 11
80	 , 128
da	 , 218
dc	 , 220
da	 , 218
80	 , 128
be	 , 190
e5	 , 229
bf	 , 191
80	 , 128
8	 , 8
c0	 , 192
e4	 , 228
80	 , 128
c1	 , 193
8	 , 8
c3	 , 195
80	 , 128
e3	 , 227
c6	 , 198
9	 , 9
80	 , 128
c8	 , 200
e0	 , 224
cb	 , 203
80	 , 128
a	 , 10
cd	 , 205
de	 , 222
80	 , 128
ce	 , 206
b	 , 11
d1	 , 209
80	 , 128
e3	 , 227
f	 , 15
e5	 , 229
80	 , 128
d3	 , 211
e5	 , 229
e	 , 14
80	 , 128
e7	 , 231
d2	 , 210
e8	 , 232
80	 , 128
c	 , 12
e9	 , 233
d2	 , 210
80	 , 128
eb	 , 235
c	 , 12
bf	 , 191
80	 , 128
e5	 , 229
c0	 , 192
7	 , 7
80	 , 128
c1	 , 193
e4	 , 228
c3	 , 195
80	 , 128
db	 , 219
d9	 , 217
dc	 , 220
80	 , 128
b	 , 11
dd	 , 221
d8	 , 216
80	 , 128
de	 , 222
d	 , 13
df	 , 223
80	 , 128
d7	 , 215
e1	 , 225
d	 , 13
80	 , 128
e2	 , 226
d5	 , 213
e3	 , 227
80	 , 128
d	 , 13
e5	 , 229
d3	 , 211
80	 , 128
e6	 , 230
e	 , 14
e8	 , 232
80	 , 128
cd	 , 205
a	 , 10
cf	 , 207
80	 , 128
dc	 , 220
d0	 , 208
9	 , 9
80	 , 128
d3	 , 211
db	 , 219
d6	 , 214
80	 , 128
a	 , 10
d8	 , 216
d9	 , 217
80	 , 128
da	 , 218
b	 , 11
dd	 , 221
80	 , 128
d7	 , 215
dd	 , 221
d	 , 13
80	 , 128
de	 , 222
d6	 , 214
e0	 , 224
80	 , 128
c2	 , 194
e5	 , 229
c4	 , 196
80	 , 128
7	 , 7
c4	 , 196
e3	 , 227
80	 , 128
c7	 , 199
7	 , 7
c8	 , 200
80	 , 128
e1	 , 225
cb	 , 203
8	 , 8
80	 , 128
cd	 , 205
de	 , 222
ce	 , 206
80	 , 128
8	 , 8
d1	 , 209
dc	 , 220
80	 , 128
d2	 , 210
8	 , 8
d4	 , 212
80	 , 128
e5	 , 229
c	 , 12
e7	 , 231
80	 , 128
d2	 , 210
e9	 , 233
c	 , 12
80	 , 128
eb	 , 235
d1	 , 209
ed	 , 237
80	 , 128
d	 , 13
ee	 , 238
d1	 , 209
80	 , 128
f0	 , 240
d	 , 13
c4	 , 196
80	 , 128
e2	 , 226
c6	 , 198
9	 , 9
80	 , 128
c6	 , 198
e1	 , 225
c9	 , 201
80	 , 128
dd	 , 221
d5	 , 213
de	 , 222
80	 , 128
c	 , 12
e0	 , 224
d4	 , 212
80	 , 128
e1	 , 225
e	 , 14
e2	 , 226
80	 , 128
d3	 , 211
e3	 , 227
c	 , 12
80	 , 128
e4	 , 228
d4	 , 212
e5	 , 229
80	 , 128
b	 , 11
e8	 , 232
d2	 , 210
80	 , 128
eb	 , 235
c	 , 12
ed	 , 237
80	 , 128
d3	 , 211
9	 , 9
d5	 , 213
80	 , 128
dc	 , 220
d6	 , 214
9	 , 9
80	 , 128
d8	 , 216
db	 , 219
d9	 , 217
80	 , 128
a	 , 10
db	 , 219
d9	 , 217
80	 , 128
dc	 , 220
b	 , 11
dc	 , 220
80	 , 128
d6	 , 214
dd	 , 221
d	 , 13
80	 , 128
e0	 , 224
d5	 , 213
e1	 , 225
80	 , 128
c6	 , 198
e0	 , 224
c9	 , 201
80	 , 128
9	 , 9
c9	 , 201
de	 , 222
80	 , 128
cd	 , 205
a	 , 10
cd	 , 205
80	 , 128
dd	 , 221
d1	 , 209
b	 , 11
80	 , 128
d3	 , 211
db	 , 219
d5	 , 213
80	 , 128
b	 , 11
d6	 , 214
da	 , 218
80	 , 128
d7	 , 215
b	 , 11
d9	 , 217
80	 , 128
e9	 , 233
d	 , 13
ec	 , 236
80	 , 128
d2	 , 210
ee	 , 238
e	 , 14
80	 , 128
ef	 , 239
d0	 , 208
f2	 , 242
80	 , 128
f	 , 15
f3	 , 243
ce	 , 206
80	 , 128
f5	 , 245
f	 , 15
c7	 , 199
80	 , 128
df	 , 223
ca	 , 202
9	 , 9
80	 , 128
cb	 , 203
de	 , 222
ce	 , 206
80	 , 128
de	 , 222
d7	 , 215
df	 , 223
80	 , 128
d	 , 13
e1	 , 225
d5	 , 213
80	 , 128
e3	 , 227
d	 , 13
e5	 , 229
80	 , 128
d4	 , 212
e7	 , 231
d	 , 13
80	 , 128
e9	 , 233
d3	 , 211
ea	 , 234
80	 , 128
d	 , 13
ec	 , 236
d3	 , 211
80	 , 128
ee	 , 238
e	 , 14
f0	 , 240
80	 , 128
d7	 , 215
d	 , 13
d9	 , 217
80	 , 128
d8	 , 216
da	 , 218
c	 , 12
80	 , 128
dc	 , 220
d7	 , 215
dd	 , 221
80	 , 128
c	 , 12
de	 , 222
d6	 , 214
80	 , 128
df	 , 223
d	 , 13
df	 , 223
80	 , 128
d6	 , 214
e1	 , 225
d	 , 13
80	 , 128
e3	 , 227
d4	 , 212
e4	 , 228
80	 , 128

*** PASS ***

Approximate inference time: 469 us

Classification results:
[  38008] -> Class 0: 1.6%
[ -23058] -> Class 1: 0.1%
[-116526] -> Class 2: 0.0%
[ -40037] -> Class 3: 0.0%
[  16275] -> Class 4: 0.8%
[  56381] -> Class 5: 3.2%
[-175857] -> Class 6: 0.0%
[ -90931] -> Class 7: 0.0%
[ 121573] -> Class 8: 51.5%
[ -43264] -> Class 9: 0.0%
[  48924] -> Class 10: 3.2%
[ -88360] -> Class 11: 0.0%
[  -5936] -> Class 12: 0.2%
[ -99810] -> Class 13: 0.0%
[ -46898] -> Class 14: 0.0%
[  90845] -> Class 15: 12.9%
[  14301] -> Class 16: 0.4%
[ -79362] -> Class 17: 0.0%
[  70391] -> Class 18: 6.4%
[ -78501] -> Class 19: 0.0%
[ -92190] -> Class 20: 0.0%
[ -61771] -> Class 21: 0.0%
[  81293] -> Class 22: 12.9%
[-128323] -> Class 23: 0.0%
[  78011] -> Class 24: 6.4%
could not open file

Cats-vs-Dogs Feather Demo
Waiting...

*** CNN Inference Test ***
Init Camera.
Configuring camera
********** Press PB1(SW1) to capture an image **********
c5	 , 197
e2	 , 226
c5	 , 197
80	 , 128
7	 , 7
c6	 , 198
e1	 , 225
80	 , 128
c6	 , 198
6	 , 6
c6	 , 198
80	 , 128
e1	 , 225
c7	 , 199
6	 , 6
80	 , 128
c7	 , 199
e1	 , 225
c7	 , 199
80	 , 128
8	 , 8
c7	 , 199
e1	 , 225
80	 , 128
c6	 , 198
8	 , 8
c6	 , 198
80	 , 128
c6	 , 198
5	 , 5
c7	 , 199
80	 , 128
e3	 , 227
c6	 , 198
5	 , 5
80	 , 128
c6	 , 198
e2	 , 226
c6	 , 198
80	 , 128
6	 , 6
c6	 , 198
e2	 , 226
80	 , 128
c6	 , 198
5	 , 5
c4	 , 196
80	 , 128
e3	 , 227
c4	 , 196
7	 , 7
80	 , 128
c5	 , 197
e2	 , 226
c6	 , 198
80	 , 128
c6	 , 198
e1	 , 225
c8	 , 200
80	 , 128
5	 , 5
c9	 , 201
e1	 , 225
80	 , 128
c8	 , 200
5	 , 5
c7	 , 199
80	 , 128
e1	 , 225
c7	 , 199
4	 , 4
80	 , 128
c7	 , 199
e1	 , 225
c7	 , 199
80	 , 128
4	 , 4
c7	 , 199
e1	 , 225
80	 , 128
c7	 , 199
5	 , 5
c8	 , 200
80	 , 128
c8	 , 200
7	 , 7
c8	 , 200
80	 , 128
e3	 , 227
c7	 , 199
7	 , 7
80	 , 128
c7	 , 199
e2	 , 226
c7	 , 199
80	 , 128
6	 , 6
c7	 , 199
e1	 , 225
80	 , 128
c7	 , 199
6	 , 6
c7	 , 199
80	 , 128
e1	 , 225
c8	 , 200
6	 , 6
80	 , 128
c9	 , 201
e1	 , 225
c8	 , 200
80	 , 128
c4	 , 196
e3	 , 227
c4	 , 196
80	 , 128
5	 , 5
c5	 , 197
e2	 , 226
80	 , 128
c6	 , 198
5	 , 5
c6	 , 198
80	 , 128
e1	 , 225
c8	 , 200
5	 , 5
80	 , 128
c8	 , 200
e2	 , 226
c9	 , 201
80	 , 128
6	 , 6
c9	 , 201
e2	 , 226
80	 , 128
c8	 , 200
5	 , 5
c8	 , 200
80	 , 128
c8	 , 200
4	 , 4
c8	 , 200
80	 , 128
e1	 , 225
c8	 , 200
5	 , 5
80	 , 128
c7	 , 199
e1	 , 225
c8	 , 200
80	 , 128
5	 , 5
c8	 , 200
e2	 , 226
80	 , 128
c7	 , 199
5	 , 5
c5	 , 197
80	 , 128
e3	 , 227
c5	 , 197
6	 , 6
80	 , 128
c5	 , 197
e2	 , 226
c6	 , 198
80	 , 128
c8	 , 200
e1	 , 225
c9	 , 201
80	 , 128
6	 , 6
c9	 , 201
e1	 , 225
80	 , 128
c8	 , 200
6	 , 6
c7	 , 199
80	 , 128
e1	 , 225
c8	 , 200
6	 , 6
80	 , 128
c8	 , 200
e1	 , 225
c8	 , 200
80	 , 128
6	 , 6
c9	 , 201
e1	 , 225
80	 , 128
c8	 , 200
7	 , 7
c8	 , 200
80	 , 128
c9	 , 201
6	 , 6
c9	 , 201
80	 , 128
e1	 , 225
c8	 , 200
6	 , 6
80	 , 128
c8	 , 200
e1	 , 225
c8	 , 200
80	 , 128
6	 , 6
c8	 , 200
e3	 , 227
80	 , 128
c8	 , 200
6	 , 6
c9	 , 201
80	 , 128
e2	 , 226
c8	 , 200
6	 , 6
80	 , 128
c8	 , 200
e2	 , 226
c8	 , 200
80	 , 128
c5	 , 197
e3	 , 227
c6	 , 198
80	 , 128
5	 , 5
c6	 , 198
e1	 , 225
80	 , 128
c7	 , 199
5	 , 5
c8	 , 200
80	 , 128
e0	 , 224
c9	 , 201
6	 , 6
80	 , 128
c9	 , 201
e0	 , 224
c9	 , 201
80	 , 128
5	 , 5
c9	 , 201
e1	 , 225
80	 , 128
c9	 , 201
6	 , 6
c9	 , 201
80	 , 128
c9	 , 201
7	 , 7
c8	 , 200
80	 , 128
e1	 , 225
c8	 , 200
6	 , 6
80	 , 128
c8	 , 200
e1	 , 225
c7	 , 199
80	 , 128
6	 , 6
c7	 , 199
e1	 , 225
80	 , 128
c7	 , 199
7	 , 7
c5	 , 197
80	 , 128
e2	 , 226
c6	 , 198
5	 , 5
80	 , 128
c6	 , 198
e1	 , 225
c8	 , 200
80	 , 128
c9	 , 201
e3	 , 227
c9	 , 201
80	 , 128
6	 , 6
ca	 , 202
e2	 , 226
80	 , 128
c9	 , 201
7	 , 7
ca	 , 202
80	 , 128
e2	 , 226
ca	 , 202
7	 , 7
80	 , 128
c9	 , 201
e1	 , 225
c9	 , 201
80	 , 128
7	 , 7
c9	 , 201
e1	 , 225
80	 , 128
c9	 , 201
6	 , 6
c9	 , 201
80	 , 128
c9	 , 201
6	 , 6
c9	 , 201
80	 , 128
e1	 , 225
c9	 , 201
6	 , 6
80	 , 128
ca	 , 202
e1	 , 225
ca	 , 202
80	 , 128
6	 , 6
cb	 , 203
e2	 , 226
80	 , 128
ca	 , 202
6	 , 6
ca	 , 202
80	 , 128
e2	 , 226
ca	 , 202
6	 , 6
80	 , 128
cb	 , 203
e2	 , 226
cb	 , 203
80	 , 128
c6	 , 198
e1	 , 225
c8	 , 200
80	 , 128
4	 , 4
c8	 , 200
e1	 , 225
80	 , 128
ca	 , 202
5	 , 5
c9	 , 201
80	 , 128
e1	 , 225
c9	 , 201
5	 , 5
80	 , 128
c9	 , 201
e1	 , 225
ca	 , 202
80	 , 128
5	 , 5
ca	 , 202
e1	 , 225
80	 , 128
ca	 , 202
5	 , 5
ca	 , 202
80	 , 128
c8	 , 200
6	 , 6
c8	 , 200
80	 , 128
e1	 , 225
c8	 , 200
5	 , 5
80	 , 128
c9	 , 201
e1	 , 225
c8	 , 200
80	 , 128
5	 , 5
c9	 , 201
e1	 , 225
80	 , 128
c8	 , 200
6	 , 6
c6	 , 198
80	 , 128
e1	 , 225
c9	 , 201
4	 , 4
80	 , 128
c9	 , 201
e1	 , 225
ca	 , 202
80	 , 128
cc	 , 204
e1	 , 225
cc	 , 204
80	 , 128
7	 , 7
cb	 , 203
e1	 , 225
80	 , 128
ca	 , 202
6	 , 6
ca	 , 202
80	 , 128
e1	 , 225
c9	 , 201
6	 , 6
80	 , 128
c9	 , 201
e1	 , 225
c9	 , 201
80	 , 128
6	 , 6
c9	 , 201
e1	 , 225
80	 , 128
c9	 , 201
7	 , 7
c9	 , 201
80	 , 128
cb	 , 203
5	 , 5
cb	 , 203
80	 , 128
e1	 , 225
cb	 , 203
5	 , 5
80	 , 128
cb	 , 203
e1	 , 225
cb	 , 203
80	 , 128
5	 , 5
cc	 , 204
e1	 , 225
80	 , 128
cd	 , 205
5	 , 5
cd	 , 205
80	 , 128
e0	 , 224
cd	 , 205
5	 , 5
80	 , 128
cc	 , 204
e1	 , 225
ca	 , 202
80	 , 128
c8	 , 200
e2	 , 226
c9	 , 201
80	 , 128
6	 , 6
c9	 , 201
e1	 , 225
80	 , 128
ca	 , 202
6	 , 6
cb	 , 203
80	 , 128
e0	 , 224
cc	 , 204
6	 , 6
80	 , 128
cc	 , 204
e0	 , 224
cc	 , 204
80	 , 128
7	 , 7
cb	 , 203
e1	 , 225
80	 , 128
cb	 , 203
7	 , 7
cc	 , 204
80	 , 128
c9	 , 201
8	 , 8
c9	 , 201
80	 , 128
e1	 , 225
c9	 , 201
8	 , 8
80	 , 128
c8	 , 200
e2	 , 226
c8	 , 200
80	 , 128
8	 , 8
c7	 , 199
e1	 , 225
80	 , 128
c8	 , 200
8	 , 8
c8	 , 200
80	 , 128
e1	 , 225
ca	 , 202
5	 , 5
80	 , 128
ca	 , 202
e0	 , 224
ca	 , 202
80	 , 128
ce	 , 206
e0	 , 224
cd	 , 205
80	 , 128
6	 , 6
cc	 , 204
e1	 , 225
80	 , 128
cc	 , 204
6	 , 6
cc	 , 204
80	 , 128
e1	 , 225
cb	 , 203
7	 , 7
80	 , 128
ca	 , 202
e1	 , 225
ca	 , 202
80	 , 128
7	 , 7
ca	 , 202
e1	 , 225
80	 , 128
ca	 , 202
6	 , 6
c9	 , 201
80	 , 128
cc	 , 204
8	 , 8
cc	 , 204
80	 , 128
e1	 , 225
cc	 , 204
7	 , 7
80	 , 128
cd	 , 205
e0	 , 224
ce	 , 206
80	 , 128
6	 , 6
cf	 , 207
df	 , 223
80	 , 128
ce	 , 206
6	 , 6
ce	 , 206
80	 , 128
df	 , 223
ce	 , 206
5	 , 5
80	 , 128
cd	 , 205
e0	 , 224
cd	 , 205
80	 , 128
c8	 , 200
e1	 , 225
c9	 , 201
80	 , 128
6	 , 6
c9	 , 201
e1	 , 225
80	 , 128
ca	 , 202
8	 , 8
cc	 , 204
80	 , 128
df	 , 223
ce	 , 206
9	 , 9
80	 , 128
cd	 , 205
df	 , 223
cc	 , 204
80	 , 128
8	 , 8
cc	 , 204
e0	 , 224
80	 , 128
cb	 , 203
7	 , 7
cc	 , 204
80	 , 128
cc	 , 204
7	 , 7
cb	 , 203
80	 , 128
e0	 , 224
cb	 , 203
7	 , 7
80	 , 128
ca	 , 202
e0	 , 224
ca	 , 202
80	 , 128
8	 , 8
ca	 , 202
e0	 , 224
80	 , 128
cb	 , 203
8	 , 8
c7	 , 199
80	 , 128
e3	 , 227
c8	 , 200
4	 , 4
80	 , 128
c8	 , 200
e2	 , 226
c9	 , 201
80	 , 128
ce	 , 206
de	 , 222
cf	 , 207
80	 , 128
8	 , 8
cf	 , 207
de	 , 222
80	 , 128
cf	 , 207
8	 , 8
cd	 , 205
80	 , 128
df	 , 223
cc	 , 204
6	 , 6
80	 , 128
cc	 , 204
df	 , 223
cb	 , 203
80	 , 128
6	 , 6
cc	 , 204
df	 , 223
80	 , 128
cc	 , 204
7	 , 7
cb	 , 203
80	 , 128
ce	 , 206
7	 , 7
ce	 , 206
80	 , 128
de	 , 222
cd	 , 205
7	 , 7
80	 , 128
cd	 , 205
de	 , 222
ce	 , 206
80	 , 128
8	 , 8
ce	 , 206
df	 , 223
80	 , 128
ce	 , 206
8	 , 8
ce	 , 206
80	 , 128
de	 , 222
d0	 , 208
8	 , 8
80	 , 128
cf	 , 207
dd	 , 221
d0	 , 208
80	 , 128
c8	 , 200
e2	 , 226
c9	 , 201
80	 , 128
5	 , 5
c9	 , 201
e2	 , 226
80	 , 128
ca	 , 202
5	 , 5
cb	 , 203
80	 , 128
e0	 , 224
cd	 , 205
6	 , 6
80	 , 128
ce	 , 206
de	 , 222
cf	 , 207
80	 , 128
7	 , 7
ce	 , 206
dd	 , 221
80	 , 128
cd	 , 205
8	 , 8
ce	 , 206
80	 , 128
cc	 , 204
5	 , 5
cb	 , 203
80	 , 128
e1	 , 225
ca	 , 202
5	 , 5
80	 , 128
cb	 , 203
e0	 , 224
cb	 , 203
80	 , 128
7	 , 7
cc	 , 204
e0	 , 224
80	 , 128
cc	 , 204
8	 , 8
c9	 , 201
80	 , 128
e1	 , 225
ca	 , 202
4	 , 4
80	 , 128
ca	 , 202
e1	 , 225
cb	 , 203
80	 , 128
cf	 , 207
dd	 , 221
d0	 , 208
80	 , 128
7	 , 7
d0	 , 208
dd	 , 221
80	 , 128
d0	 , 208
7	 , 7
ce	 , 206
80	 , 128
de	 , 222
ce	 , 206
5	 , 5
80	 , 128
cd	 , 205
e0	 , 224
cd	 , 205
80	 , 128
4	 , 4
cc	 , 204
e1	 , 225
80	 , 128
cb	 , 203
5	 , 5
cc	 , 204
80	 , 128
d0	 , 208
7	 , 7
d0	 , 208
80	 , 128
de	 , 222
d0	 , 208
8	 , 8
80	 , 128
d0	 , 208
dd	 , 221
cf	 , 207
80	 , 128
8	 , 8
cf	 , 207
de	 , 222
80	 , 128
cf	 , 207
7	 , 7
cf	 , 207
80	 , 128
dd	 , 221
d0	 , 208
6	 , 6
80	 , 128
cf	 , 207
de	 , 222
cf	 , 207
80	 , 128

*** PASS ***

Approximate inference time: 469 us

Classification results:
[  34910] -> Class 0: 1.7%
[ -22530] -> Class 1: 0.1%
[-112680] -> Class 2: 0.0%
[ -37914] -> Class 3: 0.1%
[  16912] -> Class 4: 0.9%
[  60360] -> Class 5: 3.4%
[-174420] -> Class 6: 0.0%
[ -91555] -> Class 7: 0.0%
[ 117850] -> Class 8: 54.9%
[ -44222] -> Class 9: 0.1%
[  47047] -> Class 10: 3.4%
[ -84836] -> Class 11: 0.0%
[  -5137] -> Class 12: 0.2%
[-101848] -> Class 13: 0.0%
[ -45928] -> Class 14: 0.1%
[  92049] -> Class 15: 13.7%
[  17357] -> Class 16: 0.9%
[ -82639] -> Class 17: 0.0%
[  67559] -> Class 18: 6.9%
[ -77151] -> Class 19: 0.0%
[ -97244] -> Class 20: 0.0%
[ -63365] -> Class 21: 0.0%
[  76571] -> Class 22: 6.9%
[-128322] -> Class 23: 0.0%
[  75948] -> Class 24: 6.9%
could not open file

Cats-vs-Dogs Feather Demo
Waiting...

*** CNN Inference Test ***
Init Camera.
Configuring camera
********** Press PB1(SW1) to capture an image **********
e	 , 14
bf	 , 191
f	 , 15
80	 , 128
a	 , 10
10	 , 16
c0	 , 192
80	 , 128
10	 , 16
a	 , 10
11	 , 17
80	 , 128
c0	 , 192
11	 , 17
b	 , 11
80	 , 128
10	 , 16
c0	 , 192
10	 , 16
80	 , 128
b	 , 11
10	 , 16
c1	 , 193
80	 , 128
f	 , 15
a	 , 10
e	 , 14
80	 , 128
1	 , 1
b	 , 11
ff	 , 255
80	 , 128
c5	 , 197
ff	 , 255
c	 , 12
80	 , 128
fe	 , 254
c6	 , 198
fe	 , 254
80	 , 128
d	 , 13
fd	 , 253
c6	 , 198
80	 , 128
ff	 , 255
d	 , 13
f	 , 15
80	 , 128
c1	 , 193
11	 , 17
9	 , 9
80	 , 128
11	 , 17
c1	 , 193
11	 , 17
80	 , 128
a	 , 10
c6	 , 198
8	 , 8
80	 , 128
b	 , 11
7	 , 7
c7	 , 199
80	 , 128
7	 , 7
a	 , 10
6	 , 6
80	 , 128
c6	 , 198
4	 , 4
9	 , 9
80	 , 128
3	 , 3
c6	 , 198
1	 , 1
80	 , 128
a	 , 10
0	 , 0
c6	 , 198
80	 , 128
ff	 , 255
b	 , 11
ff	 , 255
80	 , 128
11	 , 17
a	 , 10
10	 , 16
80	 , 128
c1	 , 193
f	 , 15
8	 , 8
80	 , 128
e	 , 14
c2	 , 194
d	 , 13
80	 , 128
8	 , 8
c	 , 12
c3	 , 195
80	 , 128
c	 , 12
9	 , 9
c	 , 12
80	 , 128
c3	 , 195
a	 , 10
a	 , 10
80	 , 128
a	 , 10
c4	 , 196
9	 , 9
80	 , 128
11	 , 17
c2	 , 194
12	 , 18
80	 , 128
6	 , 6
12	 , 18
c2	 , 194
80	 , 128
12	 , 18
6	 , 6
13	 , 19
80	 , 128
c2	 , 194
14	 , 20
8	 , 8
80	 , 128
13	 , 19
c1	 , 193
12	 , 18
80	 , 128
9	 , 9
11	 , 17
c1	 , 193
80	 , 128
10	 , 16
8	 , 8
f	 , 15
80	 , 128
4	 , 4
a	 , 10
2	 , 2
80	 , 128
c7	 , 199
1	 , 1
a	 , 10
80	 , 128
0	 , 0
c8	 , 200
ff	 , 255
80	 , 128
a	 , 10
0	 , 0
c8	 , 200
80	 , 128
2	 , 2
b	 , 11
13	 , 19
80	 , 128
c1	 , 193
13	 , 19
8	 , 8
80	 , 128
14	 , 20
c2	 , 194
14	 , 20
80	 , 128
d	 , 13
c3	 , 195
c	 , 12
80	 , 128
a	 , 10
d	 , 13
c4	 , 196
80	 , 128
c	 , 12
c	 , 12
a	 , 10
80	 , 128
c3	 , 195
8	 , 8
c	 , 12
80	 , 128
6	 , 6
c4	 , 196
5	 , 5
80	 , 128
b	 , 11
2	 , 2
c6	 , 198
80	 , 128
1	 , 1
a	 , 10
0	 , 0
80	 , 128
15	 , 21
9	 , 9
14	 , 20
80	 , 128
c1	 , 193
12	 , 18
9	 , 9
80	 , 128
11	 , 17
c1	 , 193
10	 , 16
80	 , 128
9	 , 9
10	 , 16
c2	 , 194
80	 , 128
f	 , 15
8	 , 8
f	 , 15
80	 , 128
c3	 , 195
d	 , 13
9	 , 9
80	 , 128
e	 , 14
c5	 , 197
c	 , 12
80	 , 128
16	 , 22
c1	 , 193
16	 , 22
80	 , 128
9	 , 9
17	 , 23
c1	 , 193
80	 , 128
17	 , 23
9	 , 9
17	 , 23
80	 , 128
c1	 , 193
16	 , 22
9	 , 9
80	 , 128
16	 , 22
c0	 , 192
16	 , 22
80	 , 128
9	 , 9
15	 , 21
bf	 , 191
80	 , 128
15	 , 21
a	 , 10
13	 , 19
80	 , 128
5	 , 5
a	 , 10
2	 , 2
80	 , 128
c6	 , 198
1	 , 1
a	 , 10
80	 , 128
1	 , 1
c7	 , 199
0	 , 0
80	 , 128
b	 , 11
1	 , 1
c8	 , 200
80	 , 128
1	 , 1
b	 , 11
15	 , 21
80	 , 128
c0	 , 192
15	 , 21
a	 , 10
80	 , 128
16	 , 22
c0	 , 192
17	 , 23
80	 , 128
10	 , 16
c5	 , 197
e	 , 14
80	 , 128
8	 , 8
e	 , 14
c7	 , 199
80	 , 128
d	 , 13
a	 , 10
b	 , 11
80	 , 128
c7	 , 199
a	 , 10
a	 , 10
80	 , 128
8	 , 8
c8	 , 200
6	 , 6
80	 , 128
9	 , 9
4	 , 4
c8	 , 200
80	 , 128
2	 , 2
9	 , 9
1	 , 1
80	 , 128
17	 , 23
9	 , 9
16	 , 22
80	 , 128
c0	 , 192
16	 , 22
9	 , 9
80	 , 128
16	 , 22
c1	 , 193
15	 , 21
80	 , 128
a	 , 10
14	 , 20
c2	 , 194
80	 , 128
13	 , 19
a	 , 10
12	 , 18
80	 , 128
c4	 , 196
10	 , 16
a	 , 10
80	 , 128
f	 , 15
c6	 , 198
e	 , 14
80	 , 128
16	 , 22
c1	 , 193
17	 , 23
80	 , 128
9	 , 9
18	 , 24
bf	 , 191
80	 , 128
19	 , 25
a	 , 10
19	 , 25
80	 , 128
be	 , 190
1a	 , 26
9	 , 9
80	 , 128
19	 , 25
bf	 , 191
18	 , 24
80	 , 128
7	 , 7
17	 , 23
c0	 , 192
80	 , 128
17	 , 23
8	 , 8
16	 , 22
80	 , 128
9	 , 9
a	 , 10
7	 , 7
80	 , 128
c9	 , 201
6	 , 6
a	 , 10
80	 , 128
5	 , 5
c8	 , 200
4	 , 4
80	 , 128
b	 , 11
3	 , 3
c6	 , 198
80	 , 128
4	 , 4
c	 , 12
16	 , 22
80	 , 128
c1	 , 193
17	 , 23
8	 , 8
80	 , 128
18	 , 24
bf	 , 191
19	 , 25
80	 , 128
12	 , 18
c3	 , 195
11	 , 17
80	 , 128
a	 , 10
12	 , 18
c4	 , 196
80	 , 128
11	 , 17
b	 , 11
f	 , 15
80	 , 128
c5	 , 197
e	 , 14
c	 , 12
80	 , 128
c	 , 12
c6	 , 198
b	 , 11
80	 , 128
c	 , 12
9	 , 9
c7	 , 199
80	 , 128
7	 , 7
c	 , 12
6	 , 6
80	 , 128
1a	 , 26
8	 , 8
19	 , 25
80	 , 128
c1	 , 193
18	 , 24
8	 , 8
80	 , 128
16	 , 22
c1	 , 193
15	 , 21
80	 , 128
9	 , 9
13	 , 19
c2	 , 194
80	 , 128
12	 , 18
9	 , 9
12	 , 18
80	 , 128
c2	 , 194
12	 , 18
a	 , 10
80	 , 128
12	 , 18
c3	 , 195
11	 , 17
80	 , 128
18	 , 24
c2	 , 194
19	 , 25
80	 , 128
9	 , 9
18	 , 24
c1	 , 193
80	 , 128
19	 , 25
9	 , 9
1a	 , 26
80	 , 128
c0	 , 192
1b	 , 27
9	 , 9
80	 , 128
1a	 , 26
c0	 , 192
1a	 , 26
80	 , 128
8	 , 8
19	 , 25
c0	 , 192
80	 , 128
18	 , 24
9	 , 9
17	 , 23
80	 , 128
c	 , 12
b	 , 11
9	 , 9
80	 , 128
c6	 , 198
8	 , 8
b	 , 11
80	 , 128
7	 , 7
c7	 , 199
6	 , 6
80	 , 128
b	 , 11
6	 , 6
c5	 , 197
80	 , 128
6	 , 6
c	 , 12
18	 , 24
80	 , 128
c2	 , 194
19	 , 25
9	 , 9
80	 , 128
19	 , 25
c2	 , 194
1a	 , 26
80	 , 128
12	 , 18
c3	 , 195
12	 , 18
80	 , 128
9	 , 9
12	 , 18
c4	 , 196
80	 , 128
10	 , 16
a	 , 10
10	 , 16
80	 , 128
c3	 , 195
f	 , 15
b	 , 11
80	 , 128
f	 , 15
c3	 , 195
d	 , 13
80	 , 128
a	 , 10
a	 , 10
c4	 , 196
80	 , 128
9	 , 9
a	 , 10
8	 , 8
80	 , 128
1a	 , 26
8	 , 8
19	 , 25
80	 , 128
c1	 , 193
19	 , 25
9	 , 9
80	 , 128
18	 , 24
c1	 , 193
17	 , 23
80	 , 128
9	 , 9
15	 , 21
c2	 , 194
80	 , 128
14	 , 20
a	 , 10
14	 , 20
80	 , 128
c2	 , 194
12	 , 18
b	 , 11
80	 , 128
13	 , 19
c3	 , 195
11	 , 17
80	 , 128
1b	 , 27
c1	 , 193
1c	 , 28
80	 , 128
9	 , 9
1c	 , 28
c1	 , 193
80	 , 128
1b	 , 27
9	 , 9
1c	 , 28
80	 , 128
c1	 , 193
1c	 , 28
8	 , 8
80	 , 128
1b	 , 27
c1	 , 193
1b	 , 27
80	 , 128
8	 , 8
1a	 , 26
c1	 , 193
80	 , 128
19	 , 25
8	 , 8
18	 , 24
80	 , 128
e	 , 14
b	 , 11
c	 , 12
80	 , 128
c2	 , 194
b	 , 11
b	 , 11
80	 , 128
9	 , 9
c3	 , 195
8	 , 8
80	 , 128
b	 , 11
9	 , 9
c3	 , 195
80	 , 128
9	 , 9
c	 , 12
1b	 , 27
80	 , 128
c0	 , 192
1c	 , 28
9	 , 9
80	 , 128
1d	 , 29
bf	 , 191
1d	 , 29
80	 , 128
14	 , 20
c2	 , 194
13	 , 19
80	 , 128
c	 , 12
12	 , 18
c2	 , 194
80	 , 128
12	 , 18
d	 , 13
11	 , 17
80	 , 128
c2	 , 194
11	 , 17
d	 , 13
80	 , 128
10	 , 16
c3	 , 195
f	 , 15
80	 , 128
c	 , 12
d	 , 13
c2	 , 194
80	 , 128
c	 , 12
c	 , 12
b	 , 11
80	 , 128
1c	 , 28
a	 , 10
1b	 , 27
80	 , 128
c1	 , 193
1a	 , 26
a	 , 10
80	 , 128
19	 , 25
c1	 , 193
18	 , 24
80	 , 128
b	 , 11
17	 , 23
c1	 , 193
80	 , 128
16	 , 22
c	 , 12
15	 , 21
80	 , 128
c2	 , 194
14	 , 20
c	 , 12
80	 , 128
13	 , 19
c2	 , 194
13	 , 19
80	 , 128
1d	 , 29
be	 , 190
1d	 , 29
80	 , 128
9	 , 9
1d	 , 29
bd	 , 189
80	 , 128
1d	 , 29
9	 , 9
1d	 , 29
80	 , 128
be	 , 190
1d	 , 29
a	 , 10
80	 , 128
1e	 , 30
bf	 , 191
1d	 , 29
80	 , 128
b	 , 11
1c	 , 28
c0	 , 192
80	 , 128
1b	 , 27
b	 , 11
1a	 , 26
80	 , 128
10	 , 16
b	 , 11
e	 , 14
80	 , 128
c3	 , 195
c	 , 12
b	 , 11
80	 , 128
b	 , 11
c4	 , 196
b	 , 11
80	 , 128
b	 , 11
a	 , 10
c5	 , 197
80	 , 128
b	 , 11
b	 , 11
1c	 , 28
80	 , 128
be	 , 190
1d	 , 29
a	 , 10
80	 , 128
1c	 , 28
be	 , 190
1d	 , 29
80	 , 128
15	 , 21
c1	 , 193
14	 , 20
80	 , 128
c	 , 12
13	 , 19
c2	 , 194
80	 , 128
14	 , 20
a	 , 10
13	 , 19
80	 , 128
c2	 , 194
13	 , 19
a	 , 10
80	 , 128
11	 , 17
c3	 , 195
10	 , 16
80	 , 128
a	 , 10
f	 , 15
c4	 , 196
80	 , 128
d	 , 13
b	 , 11
c	 , 12
80	 , 128
1e	 , 30
c	 , 12
1d	 , 29
80	 , 128
bf	 , 191
1c	 , 28
c	 , 12
80	 , 128
1b	 , 27
bf	 , 191
19	 , 25
80	 , 128
b	 , 11
18	 , 24
bf	 , 191
80	 , 128
17	 , 23
b	 , 11
16	 , 22
80	 , 128
c1	 , 193
15	 , 21
c	 , 12
80	 , 128
14	 , 20
c1	 , 193
15	 , 21
80	 , 128

*** PASS ***

Approximate inference time: 469 us

Classification results:
[  14761] -> Class 0: 0.2%
[ -28784] -> Class 1: 0.0%
[-133867] -> Class 2: 0.0%
[ -32706] -> Class 3: 0.0%
[  14275] -> Class 4: 0.2%
[  44160] -> Class 5: 0.9%
[-174263] -> Class 6: 0.0%
[ -75954] -> Class 7: 0.0%
[ 144608] -> Class 8: 54.8%
[ -45389] -> Class 9: 0.0%
[  43283] -> Class 10: 0.9%
[ -56924] -> Class 11: 0.0%
[   4953] -> Class 12: 0.1%
[-109640] -> Class 13: 0.0%
[ -74043] -> Class 14: 0.0%
[  61515] -> Class 15: 1.7%
[ -17674] -> Class 16: 0.1%
[ -32041] -> Class 17: 0.0%
[ 124384] -> Class 18: 27.4%
[ -93574] -> Class 19: 0.0%
[ -94807] -> Class 20: 0.0%
[ -30368] -> Class 21: 0.0%
[  99940] -> Class 22: 6.8%
[-136638] -> Class 23: 0.0%
[  97840] -> Class 24: 6.8%
could not open file

Cats-vs-Dogs Feather Demo
Waiting...

*** CNN Inference Test ***
Init Camera.
Configuring camera
********** Press PB1(SW1) to capture an image **********
bc	 , 188
e6	 , 230
bd	 , 189
80	 , 128
6	 , 6
bd	 , 189
e6	 , 230
80	 , 128
bd	 , 189
7	 , 7
bc	 , 188
80	 , 128
e6	 , 230
be	 , 190
7	 , 7
80	 , 128
be	 , 190
e5	 , 229
bf	 , 191
80	 , 128
7	 , 7
bf	 , 191
e3	 , 227
80	 , 128
c0	 , 192
7	 , 7
c0	 , 192
80	 , 128
c1	 , 193
5	 , 5
c2	 , 194
80	 , 128
e4	 , 228
c3	 , 195
6	 , 6
80	 , 128
c4	 , 196
e3	 , 227
c4	 , 196
80	 , 128
7	 , 7
c4	 , 196
e3	 , 227
80	 , 128
c5	 , 197
8	 , 8
bc	 , 188
80	 , 128
e8	 , 232
bd	 , 189
6	 , 6
80	 , 128
bd	 , 189
e8	 , 232
bd	 , 189
80	 , 128
c3	 , 195
e5	 , 229
c3	 , 195
80	 , 128
7	 , 7
c3	 , 195
e3	 , 227
80	 , 128
c3	 , 195
6	 , 6
c3	 , 195
80	 , 128
e3	 , 227
c3	 , 195
5	 , 5
80	 , 128
c2	 , 194
e5	 , 229
c2	 , 194
80	 , 128
5	 , 5
c3	 , 195
e4	 , 228
80	 , 128
c3	 , 195
6	 , 6
c4	 , 196
80	 , 128
be	 , 190
4	 , 4
bf	 , 191
80	 , 128
e5	 , 229
c0	 , 192
4	 , 4
80	 , 128
c0	 , 192
e5	 , 229
c1	 , 193
80	 , 128
6	 , 6
c2	 , 194
e6	 , 230
80	 , 128
c3	 , 195
8	 , 8
c4	 , 196
80	 , 128
e5	 , 229
c4	 , 196
9	 , 9
80	 , 128
c3	 , 195
e3	 , 227
c3	 , 195
80	 , 128
bc	 , 188
e7	 , 231
bd	 , 189
80	 , 128
4	 , 4
bc	 , 188
e7	 , 231
80	 , 128
bc	 , 188
6	 , 6
bd	 , 189
80	 , 128
e8	 , 232
bd	 , 189
6	 , 6
80	 , 128
be	 , 190
e7	 , 231
be	 , 190
80	 , 128
4	 , 4
c0	 , 192
e7	 , 231
80	 , 128
c1	 , 193
3	 , 3
c1	 , 193
80	 , 128
c4	 , 196
7	 , 7
c4	 , 196
80	 , 128
e5	 , 229
c4	 , 196
7	 , 7
80	 , 128
c4	 , 196
e4	 , 228
c4	 , 196
80	 , 128
7	 , 7
c4	 , 196
e2	 , 226
80	 , 128
c5	 , 197
8	 , 8
bd	 , 189
80	 , 128
e7	 , 231
bd	 , 189
4	 , 4
80	 , 128
bc	 , 188
e7	 , 231
bd	 , 189
80	 , 128
c4	 , 196
e3	 , 227
c4	 , 196
80	 , 128
8	 , 8
c5	 , 197
e3	 , 227
80	 , 128
c5	 , 197
9	 , 9
c5	 , 197
80	 , 128
e3	 , 227
c6	 , 198
9	 , 9
80	 , 128
c5	 , 197
e4	 , 228
c6	 , 198
80	 , 128
9	 , 9
c6	 , 198
e3	 , 227
80	 , 128
c6	 , 198
9	 , 9
c7	 , 199
80	 , 128
bf	 , 191
6	 , 6
c0	 , 192
80	 , 128
e6	 , 230
c1	 , 193
5	 , 5
80	 , 128
c1	 , 193
e5	 , 229
c2	 , 194
80	 , 128
6	 , 6
c2	 , 194
e3	 , 227
80	 , 128
c3	 , 195
7	 , 7
c4	 , 196
80	 , 128
e3	 , 227
c4	 , 196
9	 , 9
80	 , 128
c4	 , 196
e3	 , 227
c5	 , 197
80	 , 128
bd	 , 189
e5	 , 229
be	 , 190
80	 , 128
6	 , 6
be	 , 190
e5	 , 229
80	 , 128
be	 , 190
6	 , 6
be	 , 190
80	 , 128
e6	 , 230
be	 , 190
6	 , 6
80	 , 128
be	 , 190
e7	 , 231
bf	 , 191
80	 , 128
7	 , 7
c0	 , 192
e6	 , 230
80	 , 128
c1	 , 193
7	 , 7
c1	 , 193
80	 , 128
c6	 , 198
a	 , 10
c6	 , 198
80	 , 128
e2	 , 226
c6	 , 198
b	 , 11
80	 , 128
c7	 , 199
e1	 , 225
c9	 , 201
80	 , 128
b	 , 11
ca	 , 202
e0	 , 224
80	 , 128
ca	 , 202
9	 , 9
be	 , 190
80	 , 128
e6	 , 230
be	 , 190
6	 , 6
80	 , 128
be	 , 190
e6	 , 230
be	 , 190
80	 , 128
c3	 , 195
e4	 , 228
c4	 , 196
80	 , 128
9	 , 9
c5	 , 197
e4	 , 228
80	 , 128
c5	 , 197
9	 , 9
c5	 , 197
80	 , 128
e3	 , 227
c6	 , 198
9	 , 9
80	 , 128
c7	 , 199
e2	 , 226
c7	 , 199
80	 , 128
9	 , 9
c7	 , 199
e1	 , 225
80	 , 128
c7	 , 199
a	 , 10
c8	 , 200
80	 , 128
bf	 , 191
7	 , 7
bf	 , 191
80	 , 128
e6	 , 230
c0	 , 192
7	 , 7
80	 , 128
c1	 , 193
e5	 , 229
c2	 , 194
80	 , 128
7	 , 7
c3	 , 195
e4	 , 228
80	 , 128
c4	 , 196
8	 , 8
c4	 , 196
80	 , 128
e3	 , 227
c5	 , 197
9	 , 9
80	 , 128
c4	 , 196
e3	 , 227
c5	 , 197
80	 , 128
be	 , 190
e7	 , 231
bf	 , 191
80	 , 128
7	 , 7
bf	 , 191
e6	 , 230
80	 , 128
bf	 , 191
6	 , 6
be	 , 190
80	 , 128
e6	 , 230
bf	 , 191
6	 , 6
80	 , 128
bf	 , 191
e7	 , 231
bf	 , 191
80	 , 128
7	 , 7
c0	 , 192
e7	 , 231
80	 , 128
c0	 , 192
7	 , 7
c1	 , 193
80	 , 128
c8	 , 200
9	 , 9
c8	 , 200
80	 , 128
e1	 , 225
c9	 , 201
9	 , 9
80	 , 128
ca	 , 202
e1	 , 225
cb	 , 203
80	 , 128
9	 , 9
cc	 , 204
e1	 , 225
80	 , 128
cb	 , 203
9	 , 9
be	 , 190
80	 , 128
e6	 , 230
bf	 , 191
7	 , 7
80	 , 128
bf	 , 191
e6	 , 230
bf	 , 191
80	 , 128
c4	 , 196
e2	 , 226
c6	 , 198
80	 , 128
9	 , 9
c6	 , 198
e1	 , 225
80	 , 128
c6	 , 198
9	 , 9
c7	 , 199
80	 , 128
e1	 , 225
c7	 , 199
a	 , 10
80	 , 128
c8	 , 200
e1	 , 225
c9	 , 201
80	 , 128
a	 , 10
c9	 , 201
e1	 , 225
80	 , 128
ca	 , 202
a	 , 10
ca	 , 202
80	 , 128
c1	 , 193
6	 , 6
c2	 , 194
80	 , 128
e6	 , 230
c2	 , 194
6	 , 6
80	 , 128
c2	 , 194
e4	 , 228
c3	 , 195
80	 , 128
5	 , 5
c3	 , 195
e2	 , 226
80	 , 128
c4	 , 196
7	 , 7
c5	 , 197
80	 , 128
e1	 , 225
c6	 , 198
9	 , 9
80	 , 128
c6	 , 198
e1	 , 225
c6	 , 198
80	 , 128
be	 , 190
e8	 , 232
be	 , 190
80	 , 128
6	 , 6
bf	 , 191
e6	 , 230
80	 , 128
bf	 , 191
5	 , 5
bf	 , 191
80	 , 128
e6	 , 230
c0	 , 192
5	 , 5
80	 , 128
c0	 , 192
e6	 , 230
c1	 , 193
80	 , 128
5	 , 5
c2	 , 194
e5	 , 229
80	 , 128
c2	 , 194
6	 , 6
c3	 , 195
80	 , 128
c8	 , 200
b	 , 11
c9	 , 201
80	 , 128
e1	 , 225
ca	 , 202
b	 , 11
80	 , 128
cb	 , 203
e1	 , 225
cc	 , 204
80	 , 128
a	 , 10
cd	 , 205
e1	 , 225
80	 , 128
cd	 , 205
9	 , 9
be	 , 190
80	 , 128
e7	 , 231
bf	 , 191
6	 , 6
80	 , 128
bf	 , 191
e6	 , 230
bf	 , 191
80	 , 128
c6	 , 198
e1	 , 225
c8	 , 200
80	 , 128
7	 , 7
c7	 , 199
e1	 , 225
80	 , 128
c8	 , 200
9	 , 9
c8	 , 200
80	 , 128
e1	 , 225
c8	 , 200
a	 , 10
80	 , 128
c8	 , 200
e1	 , 225
c9	 , 201
80	 , 128
a	 , 10
ca	 , 202
e0	 , 224
80	 , 128
ca	 , 202
a	 , 10
cb	 , 203
80	 , 128
c1	 , 193
5	 , 5
c2	 , 194
80	 , 128
e4	 , 228
c2	 , 194
5	 , 5
80	 , 128
c4	 , 196
e3	 , 227
c5	 , 197
80	 , 128
6	 , 6
c5	 , 197
e2	 , 226
80	 , 128
c6	 , 198
7	 , 7
c6	 , 198
80	 , 128
e1	 , 225
c7	 , 199
9	 , 9
80	 , 128
c7	 , 199
e1	 , 225
c8	 , 200
80	 , 128
bf	 , 191
e7	 , 231
bf	 , 191
80	 , 128
6	 , 6
bf	 , 191
e7	 , 231
80	 , 128
be	 , 190
5	 , 5
bf	 , 191
80	 , 128
e5	 , 229
c0	 , 192
6	 , 6
80	 , 128
c0	 , 192
e3	 , 227
c1	 , 193
80	 , 128
5	 , 5
c2	 , 194
e2	 , 226
80	 , 128
c2	 , 194
5	 , 5
c3	 , 195
80	 , 128
ca	 , 202
9	 , 9
ca	 , 202
80	 , 128
df	 , 223
ca	 , 202
9	 , 9
80	 , 128
cb	 , 203
e0	 , 224
cb	 , 203
80	 , 128
a	 , 10
cc	 , 204
e0	 , 224
80	 , 128
ce	 , 206
a	 , 10
c0	 , 192
80	 , 128
e6	 , 230
c0	 , 192
6	 , 6
80	 , 128
c0	 , 192
e5	 , 229
c1	 , 193
80	 , 128
c6	 , 198
e1	 , 225
c7	 , 199
80	 , 128
9	 , 9
c7	 , 199
e1	 , 225
80	 , 128
c8	 , 200
9	 , 9
c9	 , 201
80	 , 128
e0	 , 224
c9	 , 201
9	 , 9
80	 , 128
ca	 , 202
df	 , 223
cb	 , 203
80	 , 128
9	 , 9
ca	 , 202
df	 , 223
80	 , 128
cb	 , 203
9	 , 9
cb	 , 203
80	 , 128
c4	 , 196
7	 , 7
c4	 , 196
80	 , 128
e1	 , 225
c4	 , 196
6	 , 6
80	 , 128
c4	 , 196
e1	 , 225
c5	 , 197
80	 , 128
7	 , 7
c6	 , 198
e2	 , 226
80	 , 128
c7	 , 199
7	 , 7
c7	 , 199
80	 , 128
e1	 , 225
c7	 , 199
9	 , 9
80	 , 128
c8	 , 200
e1	 , 225
c9	 , 201
80	 , 128
c0	 , 192
e5	 , 229
c1	 , 193
80	 , 128
7	 , 7
c1	 , 193
e4	 , 228
80	 , 128
c2	 , 194
7	 , 7
c3	 , 195
80	 , 128
e3	 , 227
c4	 , 196
8	 , 8
80	 , 128
c5	 , 197
e1	 , 225
c5	 , 197
80	 , 128
8	 , 8
c5	 , 197
e1	 , 225
80	 , 128
c5	 , 197
7	 , 7
c5	 , 197
80	 , 128
cb	 , 203
9	 , 9
cb	 , 203
80	 , 128
df	 , 223
cc	 , 204
9	 , 9
80	 , 128
ce	 , 206
de	 , 222
cf	 , 207
80	 , 128
9	 , 9
cf	 , 207
dd	 , 221
80	 , 128
d0	 , 208
8	 , 8
c0	 , 192
80	 , 128
e5	 , 229
c1	 , 193
7	 , 7
80	 , 128
c1	 , 193
e3	 , 227
c2	 , 194
80	 , 128
c8	 , 200
e1	 , 225
c7	 , 199
80	 , 128
7	 , 7
c8	 , 200
e0	 , 224
80	 , 128
ca	 , 202
8	 , 8
ca	 , 202
80	 , 128
df	 , 223
cb	 , 203
9	 , 9
80	 , 128
cc	 , 204
df	 , 223
cc	 , 204
80	 , 128
9	 , 9
cd	 , 205
de	 , 222
80	 , 128
ce	 , 206
9	 , 9
ce	 , 206
80	 , 128
c5	 , 197
7	 , 7
c6	 , 198
80	 , 128
e1	 , 225
c6	 , 198
7	 , 7
80	 , 128
c8	 , 200
e2	 , 226
c9	 , 201
80	 , 128
7	 , 7
c9	 , 201
e1	 , 225
80	 , 128
c9	 , 201
8	 , 8
c9	 , 201
80	 , 128
e1	 , 225
c8	 , 200
8	 , 8
80	 , 128
c9	 , 201
df	 , 223
ca	 , 202
80	 , 128

*** PASS ***

Approximate inference time: 469 us

Classification results:
[  29266] -> Class 0: 0.8%
[ -21468] -> Class 1: 0.1%
[-113623] -> Class 2: 0.0%
[ -36511] -> Class 3: 0.0%
[  18352] -> Class 4: 0.8%
[  59428] -> Class 5: 3.2%
[-177694] -> Class 6: 0.0%
[ -91301] -> Class 7: 0.0%
[ 119921] -> Class 8: 52.0%
[ -46319] -> Class 9: 0.0%
[  48162] -> Class 10: 3.2%
[ -79860] -> Class 11: 0.0%
[  -4986] -> Class 12: 0.2%
[-106069] -> Class 13: 0.0%
[ -49875] -> Class 14: 0.0%
[  85812] -> Class 15: 13.0%
[  11855] -> Class 16: 0.4%
[ -77194] -> Class 17: 0.0%
[  76551] -> Class 18: 6.5%
[ -83528] -> Class 19: 0.0%
[ -97487] -> Class 20: 0.0%
[ -57372] -> Class 21: 0.0%
[  80868] -> Class 22: 13.0%
[-130520] -> Class 23: 0.0%
[  77167] -> Class 24: 6.5%
could not open file

Cats-vs-Dogs Feather Demo
Waiting...

*** CNN Inference Test ***
Init Camera.
Configuring camera
********** Press PB1(SW1) to capture an image **********
b3	 , 179
ea	 , 234
b2	 , 178
80	 , 128
4	 , 4
b3	 , 179
ea	 , 234
80	 , 128
b4	 , 180
3	 , 3
b4	 , 180
80	 , 128
e8	 , 232
b6	 , 182
3	 , 3
80	 , 128
b6	 , 182
e7	 , 231
b8	 , 184
80	 , 128
5	 , 5
b8	 , 184
e7	 , 231
80	 , 128
b9	 , 185
6	 , 6
b9	 , 185
80	 , 128
c6	 , 198
8	 , 8
c7	 , 199
80	 , 128
e1	 , 225
c8	 , 200
8	 , 8
80	 , 128
c7	 , 199
e0	 , 224
c9	 , 201
80	 , 128
8	 , 8
ca	 , 202
e0	 , 224
80	 , 128
cb	 , 203
9	 , 9
b4	 , 180
80	 , 128
e9	 , 233
b3	 , 179
4	 , 4
80	 , 128
b4	 , 180
ea	 , 234
b4	 , 180
80	 , 128
be	 , 190
e7	 , 231
c0	 , 192
80	 , 128
5	 , 5
c1	 , 193
e4	 , 228
80	 , 128
c1	 , 193
6	 , 6
c2	 , 194
80	 , 128
e3	 , 227
c3	 , 195
7	 , 7
80	 , 128
c4	 , 196
e2	 , 226
c6	 , 198
80	 , 128
8	 , 8
c7	 , 199
e1	 , 225
80	 , 128
c8	 , 200
7	 , 7
c8	 , 200
80	 , 128
b8	 , 184
4	 , 4
b8	 , 184
80	 , 128
e9	 , 233
b9	 , 185
4	 , 4
80	 , 128
b9	 , 185
ea	 , 234
ba	 , 186
80	 , 128
4	 , 4
bc	 , 188
e9	 , 233
80	 , 128
bd	 , 189
6	 , 6
bf	 , 191
80	 , 128
e7	 , 231
c0	 , 192
7	 , 7
80	 , 128
c1	 , 193
e4	 , 228
c2	 , 194
80	 , 128
b4	 , 180
ec	 , 236
b3	 , 179
80	 , 128
3	 , 3
b4	 , 180
eb	 , 235
80	 , 128
b5	 , 181
3	 , 3
b6	 , 182
80	 , 128
ea	 , 234
b7	 , 183
3	 , 3
80	 , 128
b7	 , 183
ea	 , 234
b8	 , 184
80	 , 128
4	 , 4
b8	 , 184
ea	 , 234
80	 , 128
b9	 , 185
3	 , 3
ba	 , 186
80	 , 128
c8	 , 200
8	 , 8
c8	 , 200
80	 , 128
e1	 , 225
ca	 , 202
7	 , 7
80	 , 128
cb	 , 203
e1	 , 225
cb	 , 203
80	 , 128
7	 , 7
cc	 , 204
e0	 , 224
80	 , 128
cd	 , 205
8	 , 8
b5	 , 181
80	 , 128
eb	 , 235
b6	 , 182
4	 , 4
80	 , 128
b5	 , 181
ea	 , 234
b6	 , 182
80	 , 128
be	 , 190
e5	 , 229
c0	 , 192
80	 , 128
6	 , 6
c2	 , 194
e3	 , 227
80	 , 128
c3	 , 195
8	 , 8
c4	 , 196
80	 , 128
e1	 , 225
c6	 , 198
a	 , 10
80	 , 128
c7	 , 199
e1	 , 225
c8	 , 200
80	 , 128
9	 , 9
c9	 , 201
e1	 , 225
80	 , 128
ca	 , 202
9	 , 9
cc	 , 204
80	 , 128
b8	 , 184
3	 , 3
b8	 , 184
80	 , 128
ea	 , 234
b9	 , 185
4	 , 4
80	 , 128
ba	 , 186
e9	 , 233
bb	 , 187
80	 , 128
5	 , 5
bc	 , 188
e8	 , 232
80	 , 128
bd	 , 189
5	 , 5
be	 , 190
80	 , 128
e6	 , 230
c0	 , 192
6	 , 6
80	 , 128
c2	 , 194
e4	 , 228
c3	 , 195
80	 , 128
b7	 , 183
ea	 , 234
b7	 , 183
80	 , 128
5	 , 5
b7	 , 183
ea	 , 234
80	 , 128
b7	 , 183
4	 , 4
b8	 , 184
80	 , 128
ea	 , 234
b8	 , 184
4	 , 4
80	 , 128
b7	 , 183
ea	 , 234
b8	 , 184
80	 , 128
4	 , 4
b9	 , 185
e9	 , 233
80	 , 128
ba	 , 186
5	 , 5
bb	 , 187
80	 , 128
c9	 , 201
8	 , 8
ca	 , 202
80	 , 128
e1	 , 225
cc	 , 204
9	 , 9
80	 , 128
ce	 , 206
df	 , 223
d0	 , 208
80	 , 128
a	 , 10
d1	 , 209
dc	 , 220
80	 , 128
d1	 , 209
b	 , 11
b6	 , 182
80	 , 128
ea	 , 234
b7	 , 183
5	 , 5
80	 , 128
b7	 , 183
ea	 , 234
b7	 , 183
80	 , 128
bf	 , 191
e6	 , 230
c0	 , 192
80	 , 128
6	 , 6
c3	 , 195
e3	 , 227
80	 , 128
c3	 , 195
8	 , 8
c5	 , 197
80	 , 128
e2	 , 226
c6	 , 198
9	 , 9
80	 , 128
c8	 , 200
e1	 , 225
c9	 , 201
80	 , 128
8	 , 8
ca	 , 202
e1	 , 225
80	 , 128
cc	 , 204
9	 , 9
ce	 , 206
80	 , 128
b8	 , 184
6	 , 6
ba	 , 186
80	 , 128
e8	 , 232
bb	 , 187
7	 , 7
80	 , 128
bc	 , 188
e7	 , 231
bd	 , 189
80	 , 128
8	 , 8
be	 , 190
e7	 , 231
80	 , 128
bf	 , 191
8	 , 8
bf	 , 191
80	 , 128
e6	 , 230
c1	 , 193
7	 , 7
80	 , 128
c3	 , 195
e2	 , 226
c4	 , 196
80	 , 128
b7	 , 183
ea	 , 234
b7	 , 183
80	 , 128
4	 , 4
b7	 , 183
ea	 , 234
80	 , 128
b9	 , 185
4	 , 4
b8	 , 184
80	 , 128
e9	 , 233
b9	 , 185
5	 , 5
80	 , 128
b9	 , 185
e8	 , 232
b9	 , 185
80	 , 128
5	 , 5
ba	 , 186
e8	 , 232
80	 , 128
bb	 , 187
6	 , 6
bc	 , 188
80	 , 128
c8	 , 200
8	 , 8
ca	 , 202
80	 , 128
e0	 , 224
cc	 , 204
9	 , 9
80	 , 128
cd	 , 205
de	 , 222
d0	 , 208
80	 , 128
9	 , 9
d1	 , 209
dd	 , 221
80	 , 128
d2	 , 210
9	 , 9
b7	 , 183
80	 , 128
ea	 , 234
b7	 , 183
4	 , 4
80	 , 128
b8	 , 184
e9	 , 233
b9	 , 185
80	 , 128
c1	 , 193
e3	 , 227
c2	 , 194
80	 , 128
8	 , 8
c4	 , 196
e2	 , 226
80	 , 128
c5	 , 197
9	 , 9
c6	 , 198
80	 , 128
e2	 , 226
c7	 , 199
a	 , 10
80	 , 128
c9	 , 201
e1	 , 225
c9	 , 201
80	 , 128
a	 , 10
cb	 , 203
e0	 , 224
80	 , 128
cc	 , 204
9	 , 9
cd	 , 205
80	 , 128
bb	 , 187
6	 , 6
bb	 , 187
80	 , 128
e8	 , 232
bc	 , 188
7	 , 7
80	 , 128
bd	 , 189
e8	 , 232
be	 , 190
80	 , 128
7	 , 7
bf	 , 191
e7	 , 231
80	 , 128
c0	 , 192
7	 , 7
c1	 , 193
80	 , 128
e4	 , 228
c3	 , 195
7	 , 7
80	 , 128
c4	 , 196
e2	 , 226
c5	 , 197
80	 , 128
b8	 , 184
e9	 , 233
b9	 , 185
80	 , 128
5	 , 5
ba	 , 186
e8	 , 232
80	 , 128
ba	 , 186
6	 , 6
ba	 , 186
80	 , 128
e7	 , 231
bb	 , 187
6	 , 6
80	 , 128
bc	 , 188
e7	 , 231
bc	 , 188
80	 , 128
6	 , 6
bc	 , 188
e8	 , 232
80	 , 128
bc	 , 188
7	 , 7
be	 , 190
80	 , 128
ca	 , 202
b	 , 11
cc	 , 204
80	 , 128
df	 , 223
cd	 , 205
a	 , 10
80	 , 128
ce	 , 206
dd	 , 221
d1	 , 209
80	 , 128
a	 , 10
d2	 , 210
db	 , 219
80	 , 128
d5	 , 213
a	 , 10
b7	 , 183
80	 , 128
e8	 , 232
b9	 , 185
5	 , 5
80	 , 128
b9	 , 185
e8	 , 232
ba	 , 186
80	 , 128
c2	 , 194
e5	 , 229
c4	 , 196
80	 , 128
8	 , 8
c6	 , 198
e2	 , 226
80	 , 128
c6	 , 198
8	 , 8
c8	 , 200
80	 , 128
e1	 , 225
c8	 , 200
a	 , 10
80	 , 128
c9	 , 201
e0	 , 224
cb	 , 203
80	 , 128
a	 , 10
cc	 , 204
e0	 , 224
80	 , 128
cd	 , 205
a	 , 10
ce	 , 206
80	 , 128
bd	 , 189
6	 , 6
bd	 , 189
80	 , 128
e7	 , 231
bd	 , 189
7	 , 7
80	 , 128
be	 , 190
e8	 , 232
bf	 , 191
80	 , 128
8	 , 8
c0	 , 192
e7	 , 231
80	 , 128
c1	 , 193
8	 , 8
c2	 , 194
80	 , 128
e4	 , 228
c4	 , 196
8	 , 8
80	 , 128
c6	 , 198
e1	 , 225
c7	 , 199
80	 , 128
b8	 , 184
e9	 , 233
ba	 , 186
80	 , 128
5	 , 5
ba	 , 186
e8	 , 232
80	 , 128
ba	 , 186
7	 , 7
ba	 , 186
80	 , 128
e7	 , 231
bb	 , 187
6	 , 6
80	 , 128
bc	 , 188
e7	 , 231
bd	 , 189
80	 , 128
6	 , 6
bd	 , 189
e8	 , 232
80	 , 128
be	 , 190
6	 , 6
bf	 , 191
80	 , 128
cb	 , 203
a	 , 10
cd	 , 205
80	 , 128
de	 , 222
cf	 , 207
a	 , 10
80	 , 128
d0	 , 208
dd	 , 221
d2	 , 210
80	 , 128
a	 , 10
d4	 , 212
db	 , 219
80	 , 128
d6	 , 214
b	 , 11
b9	 , 185
80	 , 128
e9	 , 233
b9	 , 185
6	 , 6
80	 , 128
ba	 , 186
e8	 , 232
ba	 , 186
80	 , 128
c3	 , 195
e2	 , 226
c5	 , 197
80	 , 128
9	 , 9
c7	 , 199
e1	 , 225
80	 , 128
c8	 , 200
9	 , 9
c9	 , 201
80	 , 128
df	 , 223
ca	 , 202
9	 , 9
80	 , 128
cb	 , 203
de	 , 222
cc	 , 204
80	 , 128
a	 , 10
ce	 , 206
dd	 , 221
80	 , 128
cf	 , 207
a	 , 10
d1	 , 209
80	 , 128
be	 , 190
5	 , 5
bf	 , 191
80	 , 128
e7	 , 231
c0	 , 192
6	 , 6
80	 , 128
c1	 , 193
e5	 , 229
c2	 , 194
80	 , 128
8	 , 8
c3	 , 195
e2	 , 226
80	 , 128
c3	 , 195
9	 , 9
c4	 , 196
80	 , 128
e2	 , 226
c6	 , 198
9	 , 9
80	 , 128
c8	 , 200
e1	 , 225
c9	 , 201
80	 , 128
bb	 , 187
e9	 , 233
bb	 , 187
80	 , 128
6	 , 6
bc	 , 188
e8	 , 232
80	 , 128
bd	 , 189
6	 , 6
bd	 , 189
80	 , 128
e7	 , 231
be	 , 190
6	 , 6
80	 , 128
be	 , 190
e7	 , 231
bf	 , 191
80	 , 128
6	 , 6
c0	 , 192
e5	 , 229
80	 , 128
c1	 , 193
7	 , 7
c2	 , 194
80	 , 128
ce	 , 206
8	 , 8
d0	 , 208
80	 , 128
dd	 , 221
d2	 , 210
9	 , 9
80	 , 128
d3	 , 211
dd	 , 221
d5	 , 213
80	 , 128
b	 , 11
d6	 , 214
dc	 , 220
80	 , 128
d9	 , 217
c	 , 12
bc	 , 188
80	 , 128
e8	 , 232
bb	 , 187
6	 , 6
80	 , 128
bc	 , 188
e7	 , 231
bd	 , 189
80	 , 128
c7	 , 199
e1	 , 225
c9	 , 201
80	 , 128
9	 , 9
c9	 , 201
e1	 , 225
80	 , 128
cb	 , 203
8	 , 8
cb	 , 203
80	 , 128
e0	 , 224
cc	 , 204
7	 , 7
80	 , 128
cd	 , 205
de	 , 222
ce	 , 206
80	 , 128
8	 , 8
d0	 , 208
dd	 , 221
80	 , 128
d2	 , 210
8	 , 8
d4	 , 212
80	 , 128
c1	 , 193
8	 , 8
c2	 , 194
80	 , 128
e2	 , 226
c3	 , 195
7	 , 7
80	 , 128
c4	 , 196
e1	 , 225
c5	 , 197
80	 , 128
8	 , 8
c5	 , 197
e0	 , 224
80	 , 128
c6	 , 198
8	 , 8
c7	 , 199
80	 , 128
e0	 , 224
ca	 , 202
9	 , 9
80	 , 128
ca	 , 202
e0	 , 224
cc	 , 204
80	 , 128

*** PASS ***

Approximate inference time: 469 us

Classification results:
[  28130] -> Class 0: 0.8%
[ -21235] -> Class 1: 0.1%
[-114864] -> Class 2: 0.0%
[ -36284] -> Class 3: 0.0%
[  18626] -> Class 4: 0.8%
[  58537] -> Class 5: 3.2%
[-178269] -> Class 6: 0.0%
[ -91778] -> Class 7: 0.0%
[ 120835] -> Class 8: 52.0%
[ -46705] -> Class 9: 0.0%
[  48630] -> Class 10: 3.2%
[ -79121] -> Class 11: 0.0%
[  -5617] -> Class 12: 0.2%
[-106266] -> Class 13: 0.0%
[ -51785] -> Class 14: 0.0%
[  85209] -> Class 15: 13.0%
[   9947] -> Class 16: 0.4%
[ -74904] -> Class 17: 0.0%
[  78033] -> Class 18: 6.5%
[ -84997] -> Class 19: 0.0%
[ -96498] -> Class 20: 0.0%
[ -56066] -> Class 21: 0.0%
[  82310] -> Class 22: 13.0%
[-130173] -> Class 23: 0.0%
[  77852] -> Class 24: 6.5%
could not open file

Cats-vs-Dogs Feather Demo
Waiting...

*** CNN Inference Test ***
Init Camera.
Configuring camera
********** Press PB1(SW1) to capture an image **********
c3	 , 195
e2	 , 226
c3	 , 195
80	 , 128
7	 , 7
c3	 , 195
e4	 , 228
80	 , 128
c3	 , 195
7	 , 7
c3	 , 195
80	 , 128
e5	 , 229
c3	 , 195
7	 , 7
80	 , 128
c2	 , 194
e5	 , 229
c3	 , 195
80	 , 128
6	 , 6
c4	 , 196
e5	 , 229
80	 , 128
c3	 , 195
5	 , 5
c2	 , 194
80	 , 128
c3	 , 195
5	 , 5
c3	 , 195
80	 , 128
e4	 , 228
c3	 , 195
5	 , 5
80	 , 128
c2	 , 194
e5	 , 229
c1	 , 193
80	 , 128
5	 , 5
c1	 , 193
e5	 , 229
80	 , 128
c1	 , 193
5	 , 5
c4	 , 196
80	 , 128
e2	 , 226
c4	 , 196
6	 , 6
80	 , 128
c4	 , 196
e3	 , 227
c3	 , 195
80	 , 128
c4	 , 196
e3	 , 227
c3	 , 195
80	 , 128
6	 , 6
c3	 , 195
e3	 , 227
80	 , 128
c3	 , 195
7	 , 7
c4	 , 196
80	 , 128
e2	 , 226
c3	 , 195
6	 , 6
80	 , 128
c2	 , 194
e3	 , 227
c3	 , 195
80	 , 128
5	 , 5
c3	 , 195
e4	 , 228
80	 , 128
c3	 , 195
5	 , 5
c3	 , 195
80	 , 128
c4	 , 196
5	 , 5
c4	 , 196
80	 , 128
e3	 , 227
c4	 , 196
5	 , 5
80	 , 128
c4	 , 196
e3	 , 227
c5	 , 197
80	 , 128
6	 , 6
c4	 , 196
e3	 , 227
80	 , 128
c5	 , 197
7	 , 7
c4	 , 196
80	 , 128
e3	 , 227
c4	 , 196
8	 , 8
80	 , 128
c4	 , 196
e2	 , 226
c4	 , 196
80	 , 128
c3	 , 195
e4	 , 228
c4	 , 196
80	 , 128
6	 , 6
c4	 , 196
e4	 , 228
80	 , 128
c3	 , 195
6	 , 6
c3	 , 195
80	 , 128
e5	 , 229
c2	 , 194
6	 , 6
80	 , 128
c3	 , 195
e4	 , 228
c4	 , 196
80	 , 128
6	 , 6
c4	 , 196
e2	 , 226
80	 , 128
c4	 , 196
6	 , 6
c4	 , 196
80	 , 128
c4	 , 196
7	 , 7
c4	 , 196
80	 , 128
e4	 , 228
c4	 , 196
6	 , 6
80	 , 128
c5	 , 197
e4	 , 228
c4	 , 196
80	 , 128
5	 , 5
c3	 , 195
e5	 , 229
80	 , 128
c2	 , 194
5	 , 5
c4	 , 196
80	 , 128
e3	 , 227
c4	 , 196
5	 , 5
80	 , 128
c4	 , 196
e4	 , 228
c3	 , 195
80	 , 128
c3	 , 195
e4	 , 228
c3	 , 195
80	 , 128
8	 , 8
c3	 , 195
e4	 , 228
80	 , 128
c4	 , 196
9	 , 9
c4	 , 196
80	 , 128
e3	 , 227
c4	 , 196
8	 , 8
80	 , 128
c4	 , 196
e3	 , 227
c4	 , 196
80	 , 128
7	 , 7
c4	 , 196
e4	 , 228
80	 , 128
c4	 , 196
7	 , 7
c5	 , 197
80	 , 128
c5	 , 197
4	 , 4
c5	 , 197
80	 , 128
e4	 , 228
c6	 , 198
5	 , 5
80	 , 128
c6	 , 198
e3	 , 227
c5	 , 197
80	 , 128
7	 , 7
c4	 , 196
e3	 , 227
80	 , 128
c4	 , 196
8	 , 8
c4	 , 196
80	 , 128
e3	 , 227
c4	 , 196
8	 , 8
80	 , 128
c3	 , 195
e4	 , 228
c4	 , 196
80	 , 128
c4	 , 196
e4	 , 228
c4	 , 196
80	 , 128
6	 , 6
c4	 , 196
e5	 , 229
80	 , 128
c4	 , 196
6	 , 6
c4	 , 196
80	 , 128
e5	 , 229
c5	 , 197
7	 , 7
80	 , 128
c5	 , 197
e4	 , 228
c6	 , 198
80	 , 128
7	 , 7
c6	 , 198
e4	 , 228
80	 , 128
c5	 , 197
7	 , 7
c5	 , 197
80	 , 128
c5	 , 197
8	 , 8
c5	 , 197
80	 , 128
e2	 , 226
c4	 , 196
8	 , 8
80	 , 128
c5	 , 197
e3	 , 227
c5	 , 197
80	 , 128
9	 , 9
c4	 , 196
e3	 , 227
80	 , 128
c4	 , 196
8	 , 8
c4	 , 196
80	 , 128
e2	 , 226
c4	 , 196
7	 , 7
80	 , 128
c4	 , 196
e3	 , 227
c3	 , 195
80	 , 128
c4	 , 196
e4	 , 228
c4	 , 196
80	 , 128
7	 , 7
c5	 , 197
e4	 , 228
80	 , 128
c5	 , 197
8	 , 8
c3	 , 195
80	 , 128
e4	 , 228
c4	 , 196
8	 , 8
80	 , 128
c4	 , 196
e4	 , 228
c4	 , 196
80	 , 128
8	 , 8
c5	 , 197
e3	 , 227
80	 , 128
c4	 , 196
8	 , 8
c5	 , 197
80	 , 128
c7	 , 199
8	 , 8
c6	 , 198
80	 , 128
e5	 , 229
c5	 , 197
7	 , 7
80	 , 128
c5	 , 197
e6	 , 230
c4	 , 196
80	 , 128
7	 , 7
c4	 , 196
e5	 , 229
80	 , 128
c5	 , 197
8	 , 8
c5	 , 197
80	 , 128
e2	 , 226
c7	 , 199
8	 , 8
80	 , 128
c6	 , 198
e2	 , 226
c6	 , 198
80	 , 128
c3	 , 195
e1	 , 225
c4	 , 196
80	 , 128
8	 , 8
c5	 , 197
e1	 , 225
80	 , 128
c4	 , 196
8	 , 8
c5	 , 197
80	 , 128
e2	 , 226
c5	 , 197
8	 , 8
80	 , 128
c5	 , 197
e3	 , 227
c5	 , 197
80	 , 128
9	 , 9
c5	 , 197
e3	 , 227
80	 , 128
c4	 , 196
9	 , 9
c4	 , 196
80	 , 128
c5	 , 197
6	 , 6
c5	 , 197
80	 , 128
e3	 , 227
c5	 , 197
7	 , 7
80	 , 128
c5	 , 197
e3	 , 227
c5	 , 197
80	 , 128
7	 , 7
c5	 , 197
e4	 , 228
80	 , 128
c5	 , 197
6	 , 6
c3	 , 195
80	 , 128
e2	 , 226
c4	 , 196
6	 , 6
80	 , 128
c4	 , 196
e2	 , 226
c3	 , 195
80	 , 128
c5	 , 197
e2	 , 226
c6	 , 198
80	 , 128
7	 , 7
c6	 , 198
e2	 , 226
80	 , 128
c6	 , 198
7	 , 7
c5	 , 197
80	 , 128
e3	 , 227
c5	 , 197
6	 , 6
80	 , 128
c5	 , 197
e4	 , 228
c5	 , 197
80	 , 128
6	 , 6
c5	 , 197
e4	 , 228
80	 , 128
c4	 , 196
6	 , 6
c5	 , 197
80	 , 128
c5	 , 197
7	 , 7
c5	 , 197
80	 , 128
e3	 , 227
c6	 , 198
7	 , 7
80	 , 128
c5	 , 197
e3	 , 227
c5	 , 197
80	 , 128
8	 , 8
c5	 , 197
e2	 , 226
80	 , 128
c4	 , 196
8	 , 8
c5	 , 197
80	 , 128
e1	 , 225
c6	 , 198
8	 , 8
80	 , 128
c6	 , 198
e2	 , 226
c5	 , 197
80	 , 128
c3	 , 195
e4	 , 228
c4	 , 196
80	 , 128
6	 , 6
c4	 , 196
e3	 , 227
80	 , 128
c4	 , 196
6	 , 6
c4	 , 196
80	 , 128
e3	 , 227
c4	 , 196
7	 , 7
80	 , 128
c4	 , 196
e3	 , 227
c5	 , 197
80	 , 128
7	 , 7
c5	 , 197
e3	 , 227
80	 , 128
c6	 , 198
7	 , 7
c5	 , 197
80	 , 128
c6	 , 198
6	 , 6
c6	 , 198
80	 , 128
e2	 , 226
c5	 , 197
7	 , 7
80	 , 128
c5	 , 197
e3	 , 227
c5	 , 197
80	 , 128
9	 , 9
c6	 , 198
e3	 , 227
80	 , 128
c6	 , 198
9	 , 9
c2	 , 194
80	 , 128
e5	 , 229
c3	 , 195
6	 , 6
80	 , 128
c3	 , 195
e4	 , 228
c4	 , 196
80	 , 128
c5	 , 197
e4	 , 228
c6	 , 198
80	 , 128
6	 , 6
c6	 , 198
e4	 , 228
80	 , 128
c6	 , 198
7	 , 7
c5	 , 197
80	 , 128
e2	 , 226
c4	 , 196
5	 , 5
80	 , 128
c5	 , 197
e2	 , 226
c6	 , 198
80	 , 128
5	 , 5
c6	 , 198
e2	 , 226
80	 , 128
c5	 , 197
7	 , 7
c5	 , 197
80	 , 128
c5	 , 197
7	 , 7
c6	 , 198
80	 , 128
e4	 , 228
c5	 , 197
6	 , 6
80	 , 128
c5	 , 197
e4	 , 228
c5	 , 197
80	 , 128
7	 , 7
c5	 , 197
e4	 , 228
80	 , 128
c5	 , 197
7	 , 7
c5	 , 197
80	 , 128
e4	 , 228
c6	 , 198
8	 , 8
80	 , 128
c6	 , 198
e4	 , 228
c6	 , 198
80	 , 128
c3	 , 195
e4	 , 228
c4	 , 196
80	 , 128
7	 , 7
c4	 , 196
e4	 , 228
80	 , 128
c5	 , 197
8	 , 8
c5	 , 197
80	 , 128
e5	 , 229
c5	 , 197
8	 , 8
80	 , 128
c5	 , 197
e4	 , 228
c5	 , 197
80	 , 128
7	 , 7
c5	 , 197
e4	 , 228
80	 , 128
c5	 , 197
7	 , 7
c5	 , 197
80	 , 128
c5	 , 197
7	 , 7
c5	 , 197
80	 , 128
e1	 , 225
c5	 , 197
8	 , 8
80	 , 128
c5	 , 197
e2	 , 226
c5	 , 197
80	 , 128
8	 , 8
c5	 , 197
e2	 , 226
80	 , 128
c6	 , 198
8	 , 8
c4	 , 196
80	 , 128
e3	 , 227
c5	 , 197
8	 , 8
80	 , 128
c5	 , 197
e3	 , 227
c5	 , 197
80	 , 128
c6	 , 198
e2	 , 226
c8	 , 200
80	 , 128
9	 , 9
c8	 , 200
e2	 , 226
80	 , 128
c7	 , 199
8	 , 8
c6	 , 198
80	 , 128
e2	 , 226
c6	 , 198
8	 , 8
80	 , 128
c6	 , 198
e2	 , 226
c6	 , 198
80	 , 128
8	 , 8
c5	 , 197
e2	 , 226
80	 , 128
c5	 , 197
9	 , 9
c5	 , 197
80	 , 128
c5	 , 197
6	 , 6
c5	 , 197
80	 , 128
e3	 , 227
c4	 , 196
6	 , 6
80	 , 128
c5	 , 197
e3	 , 227
c6	 , 198
80	 , 128
6	 , 6
c5	 , 197
e3	 , 227
80	 , 128
c6	 , 198
7	 , 7
c6	 , 198
80	 , 128
e1	 , 225
c8	 , 200
9	 , 9
80	 , 128
c8	 , 200
e1	 , 225
c8	 , 200
80	 , 128
c4	 , 196
e1	 , 225
c5	 , 197
80	 , 128
7	 , 7
c5	 , 197
e3	 , 227
80	 , 128
c4	 , 196
7	 , 7
c4	 , 196
80	 , 128
e4	 , 228
c5	 , 197
7	 , 7
80	 , 128
c5	 , 197
e3	 , 227
c6	 , 198
80	 , 128
7	 , 7
c6	 , 198
e3	 , 227
80	 , 128
c5	 , 197
7	 , 7
c5	 , 197
80	 , 128
c7	 , 199
9	 , 9
c6	 , 198
80	 , 128
e1	 , 225
c7	 , 199
9	 , 9
80	 , 128
c6	 , 198
e1	 , 225
c6	 , 198
80	 , 128
8	 , 8
c6	 , 198
e2	 , 226
80	 , 128
c5	 , 197
7	 , 7
c5	 , 197
80	 , 128
e1	 , 225
c5	 , 197
7	 , 7
80	 , 128
c5	 , 197
e2	 , 226
c4	 , 196
80	 , 128
c6	 , 198
e1	 , 225
c8	 , 200
80	 , 128
7	 , 7
c8	 , 200
e1	 , 225
80	 , 128
c9	 , 201
7	 , 7
c8	 , 200
80	 , 128
e1	 , 225
c8	 , 200
8	 , 8
80	 , 128
c8	 , 200
e1	 , 225
c8	 , 200
80	 , 128
8	 , 8
c7	 , 199
e1	 , 225
80	 , 128
c7	 , 199
8	 , 8
c6	 , 198
80	 , 128
c6	 , 198
8	 , 8
c6	 , 198
80	 , 128
e2	 , 226
c6	 , 198
8	 , 8
80	 , 128
c6	 , 198
e2	 , 226
c6	 , 198
80	 , 128
8	 , 8
c6	 , 198
e2	 , 226
80	 , 128
c5	 , 197
7	 , 7
c6	 , 198
80	 , 128
e1	 , 225
c7	 , 199
6	 , 6
80	 , 128
c7	 , 199
e1	 , 225
c8	 , 200
80	 , 128

*** PASS ***

Approximate inference time: 469 us

Classification results:
[  29283] -> Class 0: 1.6%
[ -22155] -> Class 1: 0.1%
[-113559] -> Class 2: 0.0%
[ -34623] -> Class 3: 0.1%
[  18056] -> Class 4: 0.8%
[  60185] -> Class 5: 3.2%
[-177010] -> Class 6: 0.0%
[ -90035] -> Class 7: 0.0%
[ 119373] -> Class 8: 51.3%
[ -45742] -> Class 9: 0.0%
[  48043] -> Class 10: 3.2%
[ -78853] -> Class 11: 0.0%
[  -5672] -> Class 12: 0.2%
[-105363] -> Class 13: 0.0%
[ -50169] -> Class 14: 0.0%
[  86665] -> Class 15: 12.8%
[  13726] -> Class 16: 0.8%
[ -76932] -> Class 17: 0.0%
[  75323] -> Class 18: 6.4%
[ -82598] -> Class 19: 0.0%
[ -98838] -> Class 20: 0.0%
[ -59219] -> Class 21: 0.0%
[  78228] -> Class 22: 6.4%
[-130767] -> Class 23: 0.0%
[  78692] -> Class 24: 12.8%
(base) [01;32maurore@aurore-HP-ZBook-Power-G7-Mobile-Workstation[00m:[01;34m~/Documents/MLonMCUs/max780002/ai8x-synthesis/synthed_net[00m$ screen -L /de/[Kv/ttyACM0115200
(base) [01;32maurore@aurore-HP-ZBook-Power-G7-Mobile-Workstation[00m:[01;34m~/Documents/MLonMCUs/max780002/ai8x-synthesis/synthed_net[00m$ screen -L /dev/ttyACM0115200 115200
(base) [01;32maurore@aurore-HP-ZBook-Power-G7-Mobile-Workstation[00m:[01;34m~/Documents/MLonMCUs/max780002/ai8x-synthesis/synthed_net[00m$ screen -L /dev/ttyACM0 115200
(base) [01;32maurore@aurore-HP-ZBook-Power-G7-Mobile-Workstation[00m:[01;34m~/Documents/MLonMCUs/max780002/ai8x-synthesis/synthed_net[00m$ screen -L /dev/ttyACM0 115200
(base) [01;32maurore@aurore-HP-ZBook-Power-G7-Mobile-Workstation[00m:[01;34m~/Documents/MLonMCUs/max780002/ai8x-synthesis/synthed_net[00m$ 